Price,Close,High,Low,Open,Volume,Return,MA5,MA10,Volatility,Direction
2018-01-16,21.80659484863281,21.88583422970644,21.5530300382896,21.759050313169347,4905900.0,0.0054804399408296955,21.765388870239256,21.966655921936034,0.010363852826202115,1
2018-01-17,22.09185028076172,22.17901373441414,21.84620960662739,21.885830045271764,4922900.0,0.013081154307170273,21.78440589904785,21.955562019348143,0.011885090038364458,1
2018-01-18,22.05223274230957,22.186939219453723,21.84621098247938,22.12354802499561,4415100.0,-0.001793310109776014,21.87473907470703,21.94526081085205,0.006351664749627205,0
2018-01-19,22.028453826904297,22.25824778204001,21.965062651584933,22.131465431401285,3563900.0,-0.0010782996752819463,21.933373641967773,21.930204772949217,0.006592639817030724,0
2018-01-22,22.02054023742676,22.25825686402816,21.98091979208289,22.155245217499555,2902200.0,-0.0003592439823384419,21.99993438720703,21.923865509033202,0.006297881524661723,0
2018-01-23,22.250324249267575,22.32163951219511,21.949216536857357,22.09184555134754,2774200.0,0.010434985216678072,22.088680267333984,21.92703456878662,0.007110110730756789,1
2018-01-24,22.297870635986328,22.32956698492363,22.09184890198918,22.21070869913896,4402500.0,0.0021368851161942537,22.129884338378908,21.957145118713377,0.00501278425516169,1
2018-01-25,22.48804473876953,22.511817001046783,22.210709235693937,22.29787117464692,4441800.0,0.008528801063016456,22.2170467376709,22.045892906188964,0.005247849797366553,1
2018-01-26,22.55143928527832,22.57521155109585,22.32164676117029,22.535592619431995,3052600.0,0.0028190332794695294,22.321643829345703,22.12750873565674,0.004562142733977899,1
2018-01-29,21.972990036010746,22.519739949821503,21.965065948985654,22.45634876498584,4638600.0,-0.025650214247974312,22.3121337890625,22.156034088134767,0.014590040686767902,0
2018-01-30,22.044307708740234,22.179014180107675,21.917525325260907,22.020536956441127,4479500.0,0.0032456972224812475,22.27093048095703,22.17980537414551,0.013581321344989804,1
2018-01-31,22.329566955566406,22.337491042790315,21.9888387617639,22.0997729601684,4541000.0,0.012940267873010614,22.277269744873045,22.203577041625977,0.01513189009692729,1
2018-02-01,21.965059280395508,22.44049377800364,21.925440368663416,22.32163553144276,5210800.0,-0.016323992126503484,22.17267265319824,22.19485969543457,0.0158494584955147,0
2018-02-02,21.830366134643555,22.083932462504237,21.806595377700585,21.86998658182437,4374300.0,-0.006132154893484398,22.028458023071288,22.175050926208495,0.015298793075555159,0
2018-02-05,21.32323837280273,22.020543190719582,21.32323837280273,21.76697684060804,4794200.0,-0.023230382793994475,21.89850769042969,22.105320739746094,0.014557258899623502,0
2018-02-06,20.855722427368164,21.109287202804268,20.483299352367048,21.109287202804268,6675100.0,-0.021925184967723887,21.660790634155273,21.96586055755615,0.014950732209623195,0
2018-02-07,20.88741874694824,21.267765909500906,20.800255288767943,20.847798306245707,5097700.0,0.001519790057163517,21.37236099243164,21.824815368652345,0.010643327983614675,1
2018-02-08,20.483299255371094,21.022125156303915,20.47537516725558,20.855722328608653,5480900.0,-0.019347507534227426,21.076008987426757,21.6243408203125,0.010945486980161699,0
2018-02-09,20.99835205078125,21.17267744824343,20.50706918685662,20.53876553804895,4156900.0,0.02514501150370596,20.909606170654296,21.469032096862794,0.02087417568372852,1
2018-02-12,21.18060111999512,21.30738349954365,20.87156925876621,21.03004798888447,2870900.0,0.008679208195630395,20.881078720092773,21.38979320526123,0.019735247326035123,1
2018-02-13,21.212299346923828,21.29946129597022,20.93496230036729,21.11721179816876,3354700.0,0.0014965688060091242,20.952394104003908,21.30659236907959,0.016009952212768012,1
2018-02-14,20.970483779907227,21.20268765059033,20.914434622405267,21.10660381693698,2990000.0,-0.011399780997889297,20.969007110595705,21.17068405151367,0.017392079021795546,0
2018-02-15,21.4268798828125,21.4268798828125,20.97848521956298,21.026527123105,3202800.0,0.021763737436642616,21.157723236083985,21.11686611175537,0.014966930768407457,1
2018-02-16,21.546993255615234,21.611049659417475,21.330802320073243,21.370838526965358,3285000.0,0.005605733240661159,21.26745147705078,21.08852882385254,0.011998862515636711,1
2018-02-20,21.40286064147949,21.619051523245894,21.33880425361072,21.46691702934827,3638100.0,-0.006689221666609346,21.311903381347655,21.096491050720214,0.01283351100979142,0
2018-02-21,21.00251197814941,21.47492850457306,20.99450473718333,21.44290106793377,3811900.0,-0.018705381025290957,21.26994590759277,21.11117000579834,0.015905271829838183,0
2018-02-22,21.619054794311523,22.035422142069297,21.17066001138584,21.7311531082367,5750500.0,0.029355670255232003,21.39966011047363,21.18433361053467,0.01978102834174232,1
2018-02-23,22.20356559753418,22.22758731498463,21.587021927995117,21.691114509722336,3971300.0,0.027036834347468952,21.554997253417966,21.356360244750977,0.020921530640574122,1
2018-02-26,22.251611709594727,22.31566810327803,22.15552635545733,22.2436044694812,3515600.0,0.002163891733942158,21.695920944213864,21.481686210632326,0.021048303193854267,1
2018-02-27,21.81922912597656,22.32367301727709,21.80321464632262,22.299652825021013,3911900.0,-0.019431517557522704,21.779194641113282,21.54554901123047,0.023672305502889405,0
2018-02-28,21.659088134765625,21.94734266963049,21.63506794167681,21.883286276018843,5170200.0,-0.007339443125434775,21.910509872436524,21.59022789001465,0.021370638333607982,0
2018-03-01,21.39485740661621,21.8752811691664,21.330801006757856,21.659090246935055,5152500.0,-0.012199531508682915,21.86567039489746,21.63266525268555,0.018005992349841033,0
2018-03-02,21.37083625793457,21.635069086467254,21.1946800207628,21.40286369282264,3971100.0,-0.0011227533899904607,21.69912452697754,21.627060890197754,0.008638513977552432,0
2018-03-05,21.73916244506836,21.81122609017625,21.282760377535148,21.35482402264304,4651000.0,0.017234991775159747,21.596634674072266,21.646277809143065,0.013911195421849097,1
2018-03-06,21.434894561767575,21.731154851543423,21.330801952865173,21.72314761030285,3545100.0,-0.013996302022657225,21.51976776123047,21.649481201171874,0.012611359253407917,0
2018-03-07,21.3868465423584,21.46691741042195,21.242720812513745,21.402861021416065,3239900.0,-0.002241579461504606,21.465319442749024,21.68791465759277,0.01242651649362812,0
2018-03-08,21.69112205505371,21.7071365389247,21.458916620600068,21.498952830277545,4357900.0,0.014227226631690293,21.524572372436523,21.69512138366699,0.012863414315995034,1
2018-03-09,21.72315216064453,21.771195618151648,21.579026369799468,21.771195618151648,4032900.0,0.0014766458604367205,21.595035552978516,21.647080039978025,0.01271589542387477,1
2018-03-12,21.963359832763672,21.971367073846363,21.73115442304094,21.74716890520632,4252900.0,0.01105768031926413,21.63987503051758,21.618254852294918,0.011243202077484775,1
2018-03-13,21.86727523803711,22.091473414582385,21.82724055843712,22.00339528679225,3492700.0,-0.004374767588300799,21.726351165771483,21.623059463500976,0.008213771386644267,0
2018-03-14,21.659088134765625,22.05944097664465,21.4348915207373,21.93132818942136,9242800.0,-0.009520486709260978,21.78079948425293,21.623059463500976,0.010044111282402391,0
2018-03-15,21.55500030517578,21.9633604484905,21.19468208247893,21.723147790950897,9482000.0,-0.004805734615520141,21.753575134277344,21.639073753356932,0.007901274818255635,0
2018-03-16,21.73916244506836,21.82724057291692,21.506958554229158,21.530978751115025,13786600.0,0.008543824508708386,21.756777191162108,21.675906372070312,0.009055114429477458,1
2018-03-19,21.57902336120605,21.763185340964124,21.442903305031564,21.747170857361198,4955400.0,-0.007366387010859121,21.679909896850585,21.65989246368408,0.007048385769390219,0
2018-03-20,21.4669246673584,21.611051973150357,21.29877716208465,21.563010046961463,7629600.0,-0.005194799225676672,21.599839782714845,21.663095474243164,0.007083146870545695,0
2018-03-21,21.49094581604004,21.84325682880839,21.38685319700097,21.458916847958708,6536500.0,0.0011189841606966677,21.566211318969728,21.67350540161133,0.0064560645068527526,1
2018-03-22,21.40286064147949,21.619051523245894,21.138627850617706,21.242720435419933,7524500.0,-0.004098710932247895,21.535783386230467,21.644679260253906,0.006373896790599178,0
2018-03-23,21.218706130981445,21.731157412979847,21.17066420510041,21.490946256349417,5078500.0,-0.008604200792726946,21.431692123413082,21.594234657287597,0.0037661691623443756,0
2018-03-26,21.49094581604004,21.555002224977443,21.162656529332686,21.338811272104238,4171600.0,0.012830173686278368,21.414076614379884,21.546993255615234,0.008375035964582951,1
2018-03-27,21.69112205505371,21.99538961247633,21.426889180083325,21.50696007221304,7689900.0,0.009314445289060558,21.458916091918944,21.529377937316895,0.00896033530882945,1
2018-03-28,21.57902336120605,21.77919982456705,21.28276152345268,21.77919982456705,5207200.0,-0.0051679527487394905,21.47653160095215,21.52137145996094,0.00955587110832702,0
2018-03-29,21.93933486938477,22.011398501261095,21.60303842970349,21.60303842970349,6023700.0,0.016697303772629235,21.5838264465332,21.559804916381836,0.011238477904277618,1
2018-04-02,21.603036880493164,22.019404162092115,21.43488943632325,21.99538244411438,3697200.0,-0.015328540764510179,21.660692596435545,21.546192359924316,0.013458576670284194,0
2018-04-03,21.6831111907959,21.763182069549185,21.450907322358848,21.595033071444785,4728700.0,0.003706622857966746,21.699125671386717,21.556601142883302,0.012489607546311312,1
2018-04-04,21.77919578552246,21.85125942114593,21.522968677069606,21.64307575459201,4033800.0,0.0044313103355457795,21.71674041748047,21.58782825469971,0.011938199992136862,1
2018-04-05,21.851261138916016,22.051437580889704,21.587026769374692,21.80321769324029,4783000.0,0.0033089079185126824,21.77118797302246,21.623859786987303,0.01145906420007944,1
2018-04-06,21.530981063842773,21.827242917467323,21.41087548483699,21.827242917467323,5287900.0,-0.014657281016281498,21.689517211914062,21.636671829223634,0.010312440591664387,0
2018-04-09,21.72315216064453,21.867279478715023,21.51496995368208,21.563011883963764,3886100.0,0.008925329330416565,21.713540267944335,21.687116432189942,0.009114409390222504,1
2018-04-10,21.69912338256836,21.79520720515474,21.62705975201616,21.675101663309352,2938600.0,-0.0011061368027290852,21.716742706298827,21.707934188842774,0.009029722370501697,0
2018-04-11,21.482933044433597,21.795207766722523,21.442898371861887,21.659087741863917,2973500.0,-0.009963090873451375,21.657490158081053,21.687115287780763,0.009611512663176959,0
2018-04-12,21.24272346496582,21.54699096892964,21.130623624789703,21.53898372840099,3119300.0,-0.011181414519653599,21.535782623291016,21.65348529815674,0.009531566337915595,0
2018-04-13,21.354820251464844,21.442898363759152,21.242721946526533,21.2907638590394,2902400.0,0.005276949854565283,21.50055046081543,21.595033836364745,0.008945155435100358,1
2018-04-16,21.67510414123535,21.715140344577357,21.37083663196113,21.41887854874653,3120700.0,0.014998201155476343,21.490940856933594,21.602240562438965,0.010926143803076428,1
2018-04-17,21.75517463684082,21.835245514887035,21.60304012127551,21.7151399614302,4225000.0,0.00369412276332004,21.502151107788087,21.609446907043456,0.011058143241416688,1
2018-04-18,21.73115921020508,21.9153227412262,21.70713900889067,21.755180938744896,2124500.0,-0.0011038949140436127,21.551796340942385,21.604643249511717,0.009557436774073749,0
2018-04-19,21.603036880493164,21.74716413391009,21.53898049311061,21.63506583779681,3098400.0,-0.00589578901302934,21.623859024047853,21.579820823669433,0.007823431101750739,0
2018-04-20,21.36282539367676,21.675100085183555,21.314783485881414,21.62705817738821,5112000.0,-0.011119338829315484,21.625460052490233,21.563005256652833,0.009976791244114751,0
2018-04-23,20.770309448242188,21.21069703940843,20.626182155940462,21.01852782541452,9942800.0,-0.027735841795999194,21.4445011138916,21.467720985412598,0.012114417459692614,0
2018-04-24,20.30589866638184,20.8663917849194,20.249849507250584,20.85838454401136,11269300.0,-0.022359357862126172,21.154645919799805,21.32839851379395,0.011160201435060435,0
2018-04-25,19.953590393066406,20.38597076982693,19.86551225842666,20.22583051174813,8430600.0,-0.017350045871090125,20.79913215637207,21.175464248657228,0.008688080713581924,0
2018-04-26,20.1057243347168,20.17778798322458,19.929568070708797,20.04166792795712,8207100.0,0.0076243893281109365,20.4996696472168,21.061764335632326,0.013652020457657356,1
2018-04-27,20.393978118896484,20.490063496028476,20.03366139090836,20.065688831802184,8006100.0,0.014336901241700284,20.305900192260744,20.965680122375492,0.0188425178383842,1
2018-04-30,20.28188133239746,20.48205781673901,20.20181043321576,20.418001402838733,5040100.0,-0.005496563046478831,20.208214569091798,20.826357841491703,0.015706624688963906,0
2018-05-01,20.36995887756348,20.393979077556647,20.22583156870313,20.22583156870313,5886300.0,0.004342671358861017,20.221026611328128,20.687836265563966,0.01236307489518811,1
2018-05-02,20.385969161987305,20.49806901374893,20.289885320163204,20.401983644699698,5013100.0,0.0007859752943075726,20.307502365112306,20.55331726074219,0.007418086768059762,1
2018-05-03,20.321910858154297,20.426003458826504,20.00963611058765,20.3539398205842,6267400.0,-0.0031422741457126646,20.350739669799804,20.425204658508303,0.007772802713813044,0
2018-05-04,21.13062286376953,21.683110222548716,20.850377091484724,21.603039347370945,8659000.0,0.039795076912795935,20.498068618774415,20.401984405517577,0.01857345010013544,1
2018-05-07,21.322799682617188,21.65109054111503,21.202694090458472,21.39486334335751,8590800.0,0.009094706771619165,20.70625228881836,20.457233428955078,0.017161261772421457,1
2018-05-08,21.25873565673828,21.27475013722151,20.978489884406358,21.20268650227189,10349200.0,-0.003004484722103906,20.88400764465332,20.552517127990722,0.01807571326422182,0
2018-05-09,21.03453826904297,21.530974928054967,21.01852378914584,21.48293301558845,6077900.0,-0.010546129897628709,21.013721466064453,20.66061191558838,0.019932106639428952,0
2018-05-10,21.33080291748047,21.362831883891182,21.082584536698125,21.146640942294383,5820000.0,0.014084675624827847,21.215499877929688,20.783119773864748,0.019341951974258864,1
2018-05-11,21.36282539367676,21.450903497322148,21.26674005086136,21.32278919782671,2331100.0,0.0015012316376543655,21.26194038391113,20.880004501342775,0.009731622192862988,1
2018-05-14,21.2106990814209,21.482939209261207,21.130628186075167,21.426890040686786,4872200.0,-0.0071210764237623625,21.239520263671874,20.972886276245116,0.009571001230920799,0
2018-05-15,20.86638832092285,21.210691986686136,20.690233631864217,21.122613878544424,5622300.0,-0.01623288130091094,21.16105079650879,21.022529220581056,0.011821452575892469,0
2018-05-16,20.638154983520508,20.95379685987513,20.58959505108728,20.92142408615045,3850500.0,-0.01093784577820267,21.081774139404295,21.047747802734374,0.011879628656712223,0
2018-05-17,20.46819305419922,20.75955417264826,20.419631581380784,20.66243431439602,3179000.0,-0.008235325757414036,20.909252166748047,21.062376022338867,0.00646726500621205,0
2018-05-18,20.50057411193848,20.613881173594955,20.40345267073797,20.52485485816184,3239400.0,0.0015820183859667214,20.73680191040039,20.999371147155763,0.006497606994740696,1
2018-05-21,20.411540985107425,20.557222337465024,20.379168208857145,20.53294314120045,3874900.0,-0.00434295773108162,20.576970291137695,20.908245277404784,0.0067265091525382445,0
2018-05-22,20.565317153930664,20.694811354102637,20.41963579281404,20.44391653423102,2824000.0,0.007533785368553758,20.516756057739258,20.838903427124023,0.007485071336234381,1
2018-05-23,20.929521560668945,20.95380075955792,20.54913097868616,20.597692463849523,4846800.0,0.017709642113088897,20.575029373168945,20.82840175628662,0.010234472054531991,1
2018-05-24,21.180421829223636,21.20470257803776,20.824311898415267,20.961899720975783,3115400.0,0.011987864501699086,20.71747512817383,20.81336364746094,0.008628749371881468,1
2018-05-25,21.02663993835449,21.18041487631127,21.010452777792175,21.1561341354678,2693800.0,-0.007260567901294923,20.82268829345703,20.77974510192871,0.010657378752999802,0
2018-05-29,20.913333892822266,21.123762359026102,20.79193327023731,20.97808099444709,4411300.0,-0.005388690055301848,20.923046875,20.750008583068848,0.010897210519752717,0
2018-05-30,21.13994789123535,21.26944208450571,20.816210864366905,20.937613021288847,5890700.0,0.010835861923041534,21.03797302246094,20.7773645401001,0.011191574117166786,1
2018-05-31,21.14804077148437,21.33419003246968,21.018546573046624,21.14804077148437,5086600.0,0.00038282403961731326,21.081676864624022,20.828353118896484,0.008954522529344663,1
2018-06-01,20.76765251159668,21.196603024325213,20.694811829365555,21.14804154037602,4537200.0,-0.017986926732267317,20.99912300109863,20.85829906463623,0.010576364764623404,0
2018-06-04,20.743379592895508,21.07521035025949,20.69481963432481,20.9861824731355,3768900.0,-0.0011687849017898433,20.942470932006835,20.882579612731934,0.0104400800986568,0
2018-06-05,20.76765251159668,20.848586774486,20.64625188910903,20.727186151998357,3974200.0,0.001170152558432891,20.91333465576172,20.91819076538086,0.010424360795076923,1
2018-06-06,20.403451919555664,20.88905602029412,20.33061277095313,20.76765538103273,2916600.0,-0.01753691669473212,20.76603546142578,20.90200424194336,0.009836104730536983,0
2018-06-07,20.565317153930664,20.686717773630303,20.31442233405905,20.44391653423102,3008000.0,0.0079332279171771,20.649490737915038,20.86558380126953,0.01166738061168436,1
2018-06-08,20.516756057739254,20.64625025060836,20.35488754480661,20.605782350528923,2999400.0,-0.0023613103473159036,20.599311447143556,20.799217224121094,0.009356347557612131,0
2018-06-11,20.411540985107425,20.630063013643827,20.314421112664046,20.516755981229043,2434300.0,-0.005128250895791053,20.532943725585938,20.737707328796386,0.009394340671410274,0
2018-06-12,20.969985961914062,21.01045231874312,20.45200918477789,20.532943442128555,5509200.0,0.027359275677132144,20.573410415649413,20.743372535705568,0.016806293502523308,1
2018-06-13,20.7514705657959,21.26135546956432,20.727191361411823,20.96999266741094,4327300.0,-0.010420388288052918,20.64301414489746,20.704524803161622,0.0149289539946026,0
2018-06-14,21.18850898742676,21.18850898742676,20.759558483934573,20.759558483934573,3977800.0,0.021060600030497145,20.76765251159668,20.70857162475586,0.01692902061582035,1
2018-06-15,20.95380210876465,21.123764230394784,20.88905500140384,21.09948348624968,5972500.0,-0.011077083281385569,20.855061721801757,20.727186584472655,0.018402900854606958,0
2018-06-18,21.107576370239254,21.14804273211796,20.93761579791741,20.945707835338943,2893000.0,0.00733872834516669,20.994268798828124,20.76360626220703,0.017624251751735102,1
2018-06-19,21.350378036499023,21.35847161776783,21.05901682928591,21.067110410554715,2564500.0,0.011503057575198872,21.070347213745116,20.821878814697264,0.014082473436563802,1
2018-06-20,21.29372215270996,21.431309931654187,21.22897505342401,21.423216351281862,2698500.0,-0.002653624385114295,21.17879753112793,20.910905838012695,0.012474757397471267,0
2018-06-21,21.46368408203125,21.49605685956984,21.23706846449073,21.245162044798526,3477100.0,0.00798178581003306,21.233832550048827,21.000742530822755,0.009291730874016652,1
2018-06-22,21.544620513916016,21.56889971359505,21.43131192187373,21.51224618942029,3397100.0,0.0037708546014485478,21.351996231079102,21.10352897644043,0.005362125421345691,1
2018-06-25,22.005943298339844,22.086877563923203,21.560805609477715,21.57699277133293,4149500.0,0.021412434910415445,21.53166961669922,21.26296920776367,0.008982467489368201,1
2018-06-26,22.11924171447754,22.28920376026393,21.94118763461323,21.94118763461323,5472300.0,0.005148537129341824,21.68544235229492,21.377894783020018,0.008883169832744725,1
2018-06-27,22.305397033691406,22.345864936441693,22.005942271802528,22.10306215101792,3143900.0,0.008415990096623638,21.88777732849121,21.53328742980957,0.007018293791188273,1
2018-06-28,22.305397033691406,22.661506859430688,22.273024255183827,22.532012658015063,4000800.0,0.0,22.056119918823242,21.644976234436037,0.008212328791320993,0
2018-06-29,22.426801681518555,22.54820386787577,22.19209397819332,22.305401038854264,3354400.0,0.0054428373385944084,22.23255615234375,21.792276191711426,0.00804209445739123,1
2018-07-02,22.31349372863769,22.540109384591137,22.19209309082769,22.459175111486847,3652500.0,-0.005052345603708486,22.29406623840332,21.912867927551268,0.005327722013976613,0
2018-07-03,22.345861434936523,22.49963481021401,22.289207923656143,22.337767855654697,2342600.0,0.001450588898917804,22.339390182495116,22.012416267395018,0.005173061759249611,1
2018-07-05,22.459171295166016,22.459171295166016,22.07878228301326,22.38633061611872,3538600.0,0.005070731354860136,22.37014503479004,22.128961181640626,0.004284056781463329,1
2018-07-06,22.612945556640625,22.67769265344527,22.44298346272059,22.515824139587384,2294300.0,0.006846835951944019,22.431654739379884,22.24388732910156,0.004795473984463102,1
2018-07-09,21.78742218017578,22.645321727344985,21.722675073666647,22.61294894593681,4217200.0,-0.03650667156107912,22.303778839111327,22.26816749572754,0.01784666651944278,0
2018-07-10,21.94119644165039,22.04640990750847,21.487965166757668,21.69839364216656,4669700.0,0.0070579373825383485,22.229319381713868,22.261692810058594,0.018745200973555958,1
2018-07-11,22.26493453979492,22.289215285660195,21.908824652235467,21.9573846002731,3167800.0,0.014754806056518577,22.213134002685546,22.276262092590333,0.02044080290424371,1
2018-07-12,22.52391815185547,22.58866524990253,22.26492975966723,22.321583277496835,4647000.0,0.011631905389061892,22.22608337402344,22.298114204406737,0.02109248250942865,1
2018-07-13,22.467266082763672,22.596760287207857,22.297303974622757,22.491546824981715,1978400.0,-0.0025151960111846616,22.196947479248045,22.314301109313966,0.02083063975554142,0
2018-07-16,22.442983627319336,22.532011464963364,22.378236530039832,22.49963714447733,2036500.0,-0.0010807926231383158,22.32805976867676,22.31591930389404,0.007617838037090438,0
2018-07-17,22.426801681518555,22.54820386787577,22.35396253087432,22.499642375855714,1630200.0,-0.0007210247117537261,22.42518081665039,22.32725009918213,0.008117964803582012,0
2018-07-18,22.345861434936523,22.45916845749728,22.151620163249905,22.45916845749728,3113900.0,-0.0036090855812370704,22.44136619567871,22.32725009918213,0.0061966588116149895,0
2018-07-19,22.677696228027344,22.7829096980345,22.378239893296083,22.378239893296083,3368600.0,0.014849944096225975,22.472121810913087,22.349102592468263,0.0076153235701607825,1
2018-07-20,22.467266082763672,22.6534138086906,22.345865459058835,22.62913306647256,2364300.0,-0.009279167652118114,22.472121810913087,22.334534645080566,0.008962870189426566,0
2018-07-23,22.37014961242676,22.645325243743432,22.353963991055736,22.52392459314914,3427700.0,-0.004322576230644137,22.45755500793457,22.392807388305663,0.009178156114749801,0
2018-07-24,22.604854583740234,22.64532094502567,22.06259700657462,22.34586616665088,6294500.0,0.010491882056215429,22.493165588378908,22.45917320251465,0.010430615078120025,1
2018-07-25,22.742441177368164,22.871935379103384,22.572479072782784,22.59675981449288,3755600.0,0.006086594944384016,22.572481536865233,22.506923866271972,0.01011034866172451,1
2018-07-26,22.79908943176269,23.09854566891792,22.661501681236068,22.87193009637633,3062300.0,0.002490860763483038,22.596760177612303,22.534440994262695,0.007939447642267545,1
2018-07-27,22.791000366210938,22.9447753045899,22.661506168742104,22.799093946514315,2710500.0,-0.0003547977464610774,22.661507034301756,22.566814422607422,0.0057165425919668954,0
2018-07-30,22.685794830322266,22.799101906745133,22.58057979333548,22.79100832361591,2546800.0,-0.004616099960431996,22.72463607788086,22.591095542907716,0.005809726162177469,0
2018-07-31,23.04999351501465,23.04999351501465,22.68579158840472,22.799098648635415,4365600.0,0.016054041192578694,22.81366386413574,22.653414726257324,0.00782798971845204,1
2018-08-01,22.604854583740234,22.92049652410629,22.523920317476627,22.92049652410629,3618200.0,-0.019311889653437553,22.786146545410155,22.679314041137694,0.012764553482649828,0
2018-08-02,22.75053596496582,22.823376650268017,22.45107964275759,22.588667432362552,2634800.0,0.006444694465337353,22.77643585205078,22.686598014831542,0.013162570983107068,1
2018-08-03,22.637222290039062,22.888118613588684,22.49963453133818,22.74243727570629,2751600.0,-0.004980703536006881,22.745680236816405,22.70359363555908,0.0133239791625818,0
2018-08-06,22.88003158569336,23.009525802291076,22.612949570998964,22.62104315249793,3699200.0,0.01072610820105524,22.784527587890626,22.75458183288574,0.014107756659022683,1
2018-08-07,22.888126373291016,22.93668632115084,22.734351404093182,22.88003279136556,2449400.0,0.00035379267582480445,22.7521541595459,22.78290901184082,0.011675872385799355,1
2018-08-08,22.85574722290039,22.936681481384458,22.726253026802915,22.880027963553385,2127100.0,-0.0014146702033421832,22.80233268737793,22.794239616394044,0.00629971106381926,0
2018-08-09,22.823381423950195,22.888128541795304,22.710072809951463,22.84766062833395,1866300.0,-0.0014160901691180339,22.816901779174806,22.796668815612794,0.005955082728640354,0
2018-08-10,22.766721725463867,23.009524525885222,22.75053610705664,22.88812389752092,2973300.0,-0.0024825286592665696,22.842801666259767,22.794240951538086,0.005447324014115929,0
2018-08-13,22.839561462402344,22.88002936597113,22.701973677653843,22.80718868324,2091400.0,0.003199395056382226,22.83470764160156,22.809617614746095,0.0022311016540452074,1
2018-08-14,22.766721725463867,22.871936735420945,22.661508259199536,22.871936735420945,2538600.0,-0.0031891915726307563,22.810426712036133,22.781290435791014,0.0024976028529016636,0
2018-08-15,22.846834182739254,23.051188686845688,22.716047424839232,22.789613611944503,2572200.0,0.0035188402722814427,22.808644104003907,22.80548839569092,0.0031988377279843295,1
2018-08-16,23.124753952026367,23.124753952026367,22.740566527700537,22.85500453880986,4620600.0,0.012164476139853164,22.86891860961914,22.84291019439697,0.00616483330849061,1
2018-08-17,23.124753952026367,23.28823660231098,23.10023085288824,23.132926759304773,3546000.0,0.0,22.94052505493164,22.891663360595704,0.005733813628121216,0
2018-08-20,23.173791885375977,23.198313418317312,23.010307723297984,23.157443157348077,2443400.0,0.002120581842788072,23.007371139526366,22.921039390563966,0.00575123022874025,1
2018-08-21,22.936738967895508,23.19831236809809,22.887694345132637,23.19831236809809,2138200.0,-0.010229353860300439,23.041374588012694,22.925900650024413,0.008031477445228743,0
2018-08-22,22.748735427856445,23.018483217155115,22.69969080046594,22.993960123909567,1626000.0,-0.008196611571601786,23.021754837036134,22.91519947052002,0.008956367090836975,0
2018-08-23,22.65064811706543,22.846829775169585,22.56890757847301,22.732390214758688,2074500.0,-0.004311769816923716,22.926933670043944,22.897926139831544,0.00524163488444772,0
2018-08-24,22.789608001708984,22.830479827929324,22.54438328078996,22.683344371737608,2553600.0,0.006134918697485725,22.859904479980468,22.900214767456056,0.0069029441355681394,1
2018-08-27,22.626123428344727,22.871348128175093,22.487162349347354,22.83047786457024,1376600.0,-0.007173645696406772,22.75037078857422,22.878870964050293,0.0064507726127907,0
2018-08-28,22.51986122131348,22.617952049655205,22.46264222107281,22.577081780654968,2092500.0,-0.004696438935629876,22.666995239257812,22.854184913635255,0.005708882445418295,0
2018-08-29,22.716039657592773,22.73238682741487,22.495336494438117,22.593425749773115,1886800.0,0.008711351919594712,22.660456085205077,22.841105461120605,0.007163749246470049,1
2018-08-30,22.699689865112305,22.79777911585149,22.626122147507647,22.73238576232519,2117000.0,-0.0007197466075475889,22.670264434814452,22.7985990524292,0.006829025230435076,0
2018-08-31,22.716039657592773,22.887696633979328,22.63429757207987,22.74056119187622,2625600.0,0.0007202650158493196,22.65555076599121,22.75772762298584,0.006091948310570679,1
2018-09-04,22.822301864624023,22.83865059253469,22.601598715131512,22.62612180699752,3379600.0,0.004677849160019898,22.69478645324707,22.722578620910646,0.005141708257646625,1
2018-09-05,23.639726638793945,23.67242254531791,23.051186289453785,23.31275977804941,4729500.0,0.03581692937980896,22.918759536743163,22.792877388000488,0.014978320279181489,1
2018-09-06,23.62337684631348,23.70511894760817,23.48441574184277,23.590680941256142,2953200.0,-0.0006916235847513885,23.100226974487306,22.88034152984619,0.0157272325948776,0
2018-09-07,23.30458641052246,23.557985543573025,23.29641204376585,23.46806906835142,2139500.0,-0.0134947022123455,23.221206283569337,22.945735359191893,0.018314806161296347,0
2018-09-10,23.484411239624023,23.541630231830528,23.353624526266124,23.42719224741752,1747600.0,0.007716284937816731,23.374880599975587,23.0152156829834,0.01813370158255434,1
2018-09-11,23.508939743041992,23.590681847476755,23.435372004960804,23.49259101033485,1960500.0,0.001044458946306559,23.51220817565918,23.103497314453126,0.01831217428886588,1
2018-09-12,23.361799240112305,23.590676771461776,23.320928976239475,23.541630583893628,2080700.0,-0.006258917013611254,23.456622695922853,23.187691116333006,0.007985703129110865,0
2018-09-13,23.525287628173828,23.541634801191048,23.198319222214888,23.337280327017165,3485800.0,0.0069981077390997015,23.437004852294923,23.268615913391113,0.009051171968360357,1
2018-09-14,23.639726638793945,23.75416465027929,23.337281318167143,23.500765528089897,4604100.0,0.004864510582351711,23.50403289794922,23.362619590759277,0.0057265938374099,1
2018-09-17,23.525287628173828,23.63972563479891,23.36180342519436,23.63972563479891,2741900.0,-0.004840961673064248,23.51220817565918,23.443544387817383,0.005824165785445908,0
2018-09-18,23.378149032592773,23.533458848754496,23.320930036928115,23.484412658955616,2625500.0,-0.0062544865723487275,23.486050033569335,23.49912910461426,0.006487154087803662,0
2018-09-19,22.814132690429688,23.41084736300525,22.756913688826668,23.41084736300525,2459100.0,-0.024125791198300606,23.37651672363281,23.416569709777832,0.01233003702483236,0
2018-09-20,22.887704849243164,22.936749494514643,22.62613132899371,22.83866020397168,2217300.0,0.0032248501317930778,23.24900016784668,23.3430025100708,0.01152652013886779,1
2018-09-21,22.9122257232666,23.0757083779736,22.77326460926009,22.8304836163626,5666100.0,0.0010713557425243714,23.103499984741212,23.303766441345214,0.010780575522597079,1
2018-09-24,22.74056434631348,22.985790636868536,22.70786844303329,22.961267540082783,2411100.0,-0.007492130141630193,22.94655532836914,23.22938175201416,0.010763126986702906,0
2018-09-25,22.60160446166992,22.830482033310705,21.964019502050657,22.28281198186029,11382000.0,-0.006110661218752367,22.79124641418457,23.138648223876952,0.01076485827681894,0
2018-09-26,22.274635314941406,22.49533849775069,22.143848590113848,22.413596404958284,57295500.0,-0.014466634317179539,22.683346939086913,23.029931831359864,0.007093482371046219,0
2018-09-27,22.41360092163086,22.51169176456866,22.23376952852946,22.331858812366203,21037200.0,0.006238737681879769,22.58852615356445,22.918763160705566,0.008009921643303237,1
2018-09-28,22.60160446166992,22.69152092893968,22.46264335729889,22.478992089366287,16733300.0,0.008387922168169748,22.526401901245116,22.814950942993164,0.009693982651629783,1
2018-10-01,22.51169204711914,22.626130066065368,22.421775569889345,22.552562322713914,5079800.0,-0.003978142998797285,22.48062744140625,22.713591384887696,0.009380994985140851,0
2018-10-02,22.814132690429688,22.863177326217865,22.413598120107697,22.65882285814945,10114600.0,0.013434825009044582,22.523133087158204,22.657189750671385,0.011139866769604302,1
2018-10-03,22.33185768127441,22.871353392354614,22.209245303138182,22.830483119342865,8010300.0,-0.02113930937894415,22.534577560424804,22.60896224975586,0.013699782539091395,0
2018-10-04,22.299161911010746,22.4381230228416,22.0457612276656,22.299161911010746,6112000.0,-0.0014640864513068008,22.511689758300783,22.550107955932617,0.01333381147309638,0
2018-10-05,22.666990280151367,22.69151337008348,22.274630195839933,22.29915328577204,6178600.0,0.016495165630372677,22.52476692199707,22.525584411621093,0.015125988878138688,1
2018-10-08,22.846834182739254,23.08388459677012,22.72422023299449,22.781440803789245,5810800.0,0.007934176543295646,22.591795349121092,22.53621139526367,0.015149025474584596,1
2018-10-09,22.99396133422852,23.12474961265508,22.846827444312407,22.961265433947386,5600400.0,0.0064397172191330565,22.62776107788086,22.57544708251953,0.014246590081364831,1
2018-10-10,22.789608001708984,23.25553746601633,22.76508646507753,23.03483428172876,6935400.0,-0.008887260857281531,22.719311141967772,22.62694435119629,0.00966234000260995,0
2018-10-11,22.192893981933597,22.904048186743317,22.168372444626883,22.895873821274144,5412400.0,-0.02618360174210277,22.698057556152342,22.604873657226562,0.016863755365821215,0
2018-10-12,22.348207473754883,22.413600849134884,22.10298270585514,22.25011663113436,7071300.0,0.006998343341238833,22.634300994873048,22.579533958435057,0.014836036047783108,1
2018-10-15,22.51986122131348,22.707868512376724,22.323681123730843,22.446293489832385,5247800.0,0.007680873186817427,22.568906402587892,22.580350875854492,0.014790839414070668,1
2018-10-16,22.683347702026367,22.85500472005161,22.3563808397633,22.495341951112728,4029100.0,0.007259657557665555,22.50678367614746,22.56727237701416,0.014922716169972433,1
2018-10-17,22.52803611755371,22.789609587158264,22.389075016938687,22.65064848654324,3526200.0,-0.006846942810773138,22.454469299316408,22.58689022064209,0.014735432175381398,0
2018-10-18,22.69152069091797,22.82230742788342,22.495340585469798,22.56890831990047,4661700.0,0.007256938532554713,22.55419464111328,22.626126098632813,0.006330968264671921,1
2018-10-19,22.985788345336918,23.04300733969849,22.66699435530708,22.756910808789936,4859800.0,0.012968176898638939,22.68171081542969,22.658005905151366,0.007399764244662304,1
2018-10-22,22.73238754272461,23.04300716562765,22.69151727823241,22.985788171698317,4400500.0,-0.011024238055499014,22.724216079711915,22.646561241149904,0.010289188702864991,0
2018-10-23,22.61795234680176,22.89587454513694,22.46264251617896,22.73239034878653,5157300.0,-0.005034015705907335,22.711137008666995,22.608960342407226,0.010163119189511275,0
2018-10-24,22.814132690429688,23.12475235499016,22.66699722396429,22.78143678627119,6188900.0,0.008673656245264283,22.76835632324219,22.611412811279298,0.01012383870336451,1
2018-10-25,22.683347702026367,22.8141344469316,22.45447011889173,22.716045167803166,6621600.0,-0.005732630303241115,22.76672172546387,22.660458183288576,0.010285179513811159,0
2018-10-26,22.20924568176269,22.86317941570488,22.01306556158004,22.756915768602152,5102600.0,-0.02090088405342927,22.611413192749023,22.646562004089354,0.010728129716112481,0
2018-10-29,22.250112533569336,22.55255781344189,22.119325806894924,22.250112533569336,3933200.0,0.0018400828372213685,22.51495819091797,22.61958713531494,0.011001965295787139,1
2018-10-30,22.315502166748047,22.47898632731417,22.119322109529,22.33185089462476,4479300.0,0.002938845054381467,22.454468154907225,22.58280258178711,0.01142604095782064,1
2018-10-31,22.07845497131348,22.28280942137106,21.857751791067116,22.16019706315665,5600700.0,-0.010622534669544104,22.307332611083986,22.537844467163087,0.009793087905217263,0
2018-11-01,22.2255916595459,22.25011319709063,22.02941156368399,22.11115210096751,3889700.0,0.006664265612045472,22.21578140258789,22.49125156402588,0.011461645380334668,1
2018-11-02,22.037582397460938,22.29915739429635,21.964016232311128,22.274634299845967,4177500.0,-0.008459134180313743,22.18144874572754,22.39643096923828,0.007569033690185953,0
2018-11-05,22.4708194732666,22.495342573277448,22.06211049435866,22.14385260196045,3788000.0,0.019659011047218122,22.22559013366699,22.370274162292482,0.012279992177726122,1
2018-11-06,22.72420883178711,22.748731921252546,22.47080981037901,22.55255188283011,3969600.0,0.011276373735366496,22.307331466674803,22.380899810791014,0.012979385789685056,1
2018-11-07,23.149280548095703,23.17380365258992,22.756920230796087,22.879532635064557,6670500.0,0.018705677256142472,22.52149658203125,22.414414596557616,0.011419866712129379,1
2018-11-08,22.936738967895508,23.435364236469468,22.658816840405144,23.435364236469468,6806200.0,-0.009181347116106298,22.66372604370117,22.43975372314453,0.014270444404110868,0
2018-11-09,22.99396133422852,23.165619877781666,22.838653079466955,22.838653079466955,4999700.0,0.0024947908424604037,22.855001831054686,22.518225288391115,0.012093788536836304,1
2018-11-12,22.969438552856445,23.271882240229274,22.920393925544747,23.04300627337429,3971300.0,-0.001066487892869894,22.954725646972655,22.590157890319823,0.010838493091583428,0
2018-11-13,23.067527770996094,23.11657395733081,22.7977799825575,22.9530897877496,5826300.0,0.004270422975900301,23.023389434814455,22.66536045074463,0.010166723900167198,1
2018-11-14,22.669612884521484,23.10715515674895,22.595314798291252,23.057622574391328,5102600.0,-0.01725000140565247,22.92745590209961,22.72447624206543,0.008965060590759407,0
2018-11-15,22.74391746520996,22.74391746520996,22.182544402961348,22.56229690753653,6089900.0,0.003277717227329058,22.8888916015625,22.776308822631837,0.008947255384349704,1
2018-11-16,22.89251136779785,23.057622071538976,22.669612390131046,22.96681102702012,5674100.0,0.006533346896601566,22.868601608276368,22.86180171966553,0.009575717472895005,1
2018-11-19,23.09064483642578,23.131923302471936,22.76042498111894,22.859491725017232,4004000.0,0.008654946827137522,22.892842864990236,22.923784255981445,0.010465598752581719,1
2018-11-20,22.99158096313477,23.272268249620545,22.92553698835061,23.123668912703067,3300600.0,-0.0042902168385846595,22.877653503417967,22.950521469116214,0.01051682598737678,0
2018-11-21,22.95855712890625,23.1236678455531,22.867747651901727,22.983324208787025,4565000.0,-0.001436344646393417,22.93544235229492,22.93144912719727,0.005393201470363576,0
2018-11-23,22.82647132873535,23.008093449022876,22.73566184320423,22.92553808294788,2193200.0,-0.005753227410122963,22.951953125,22.920422363281254,0.006488659274784622,0
2018-11-26,22.95855712890625,23.032856793936084,22.752169520403932,22.9007688504636,4387000.0,0.005786518567353793,22.96516227722168,22.916881942749022,0.0063286307419415195,1
2018-11-27,23.07414054870605,23.14844023076444,22.87600701347513,22.95030669553352,3041000.0,0.005034437449654705,22.961861419677735,22.927352142333984,0.005298849344679795,1
2018-11-28,23.123674392700195,23.222739591047247,22.90077533449993,23.04937470663344,4747100.0,0.0021467254171216865,22.98828010559082,22.932966804504396,0.004793829094815863,1
2018-11-29,22.900774002075195,23.12367304730664,22.694386347145237,23.12367304730664,5342300.0,-0.00963948838059081,22.97672348022461,22.956082916259767,0.006860776033499164,0
2018-11-30,23.123674392700195,23.131930088331277,22.867754126588554,22.97507502056668,6082900.0,0.00973331253366383,23.03616409301758,22.99405860900879,0.007365023948670284,1
2018-12-03,23.420869827270508,23.445635336051087,23.057627143899072,23.19797080056899,5462000.0,0.012852431215003346,23.12862663269043,23.046894454956053,0.008685814509082913,1
2018-12-04,23.15669059753418,23.619000005313445,23.09890231521492,23.44563358374307,6221600.0,-0.011279650657070261,23.145136642456055,23.053499031066895,0.010974661143775237,0
2018-12-06,23.25575828552246,23.305290875988824,22.82647163584688,23.21448138923593,4954300.0,0.004278145340804063,23.17155342102051,23.079916763305665,0.01108272454228658,1
2018-12-07,23.42912101745605,23.627254510601627,23.22273340549089,23.32180015206368,5079200.0,0.007454615317425084,23.27722282409668,23.12697315216064,0.009418982702852961,1
2018-12-10,23.49516868591309,23.627258226991,23.041116498015747,23.462147481603186,4129100.0,0.002819041670740763,23.351521682739257,23.193842887878418,0.008975464966449126,1
2018-12-11,23.75934600830078,23.833645685685006,23.51993558681544,23.594235264199668,5297900.0,0.011243899795709167,23.419216918945313,23.273921775817872,0.00856349030110746,1
2018-12-12,23.850156784057617,24.106078608649728,23.800624188006463,23.850156784057617,5872000.0,0.0038221075498083845,23.55791015625,23.351523399353027,0.0034428066960193906,1
2018-12-13,24.22165298461914,24.3537409451322,23.84189891718458,23.84189891718458,8195700.0,0.01557625821604014,23.751089096069336,23.46132125854492,0.005299748829052558,1
2018-12-14,24.18862533569336,24.41978000734394,24.11432567604183,24.395012929255973,6420800.0,-0.0013635588350123795,23.9029899597168,23.590106391906737,0.006844830292889415,0
2018-12-17,23.866662979125977,24.46105872619382,23.71806364870589,24.26292681050454,9647000.0,-0.013310485903979319,23.977288818359376,23.664405250549315,0.011310229011827476,0
2018-12-18,23.36307907104492,24.040031819681737,23.30529078662032,23.84189830935074,6869100.0,-0.021099887676861107,23.8980354309082,23.658626174926756,0.014386018187688714,0
2018-12-19,23.43738174438477,23.734580473318083,23.230994088095045,23.45389313479503,5648000.0,0.0031803459258903377,23.815480422973632,23.686695289611816,0.014309525809555378,1
2018-12-20,23.445629119873047,23.676783779752583,23.14843207101341,23.429117735321874,6270200.0,0.0003518897963188383,23.660275650024413,23.705682373046876,0.010326744564150244,1
2018-12-21,23.420869827270508,24.03177704612404,23.30529167938117,23.45389103051552,9960000.0,-0.001056030208272496,23.506724548339843,23.70485725402832,0.01036544383262243,0
2018-12-24,22.471485137939453,23.57772298780384,22.42195254641778,23.49516761885926,2966600.0,-0.04053584244875574,23.22768898010254,23.602488899230956,0.018706573303175877,0
2018-12-26,22.82647132873535,22.876003918535293,22.1330087730856,22.47148435684171,4880200.0,0.015797184236682416,23.120367431640624,23.509201431274413,0.021242268118356302,1
2018-12-27,23.189712524414062,23.21447960505006,22.421950345436045,22.785192988367992,5702100.0,0.01591315584645092,23.070833587646483,23.44315700531006,0.023070599741702464,1
2018-12-28,23.11541748046875,23.387849123504047,23.024606407919368,23.247505454388115,3812500.0,-0.003203793228014118,23.004791259765625,23.33253345489502,0.02303838331139852,0
2018-12-31,23.3052921295166,23.32180351876438,22.925539624494203,23.115415877005404,3579000.0,0.008214199428077995,22.981675720214845,23.244200134277342,0.023562472564297478,1
2019-01-02,23.11541748046875,23.26401684478125,22.90077412919657,23.247505454388115,4027300.0,-0.008147276077581145,23.110462188720703,23.169075584411623,0.010995526245470354,0
2019-01-03,23.247499465942383,23.445631375783588,23.082388753768488,23.14843429832801,7861600.0,0.005714021197550823,23.19466781616211,23.157517623901366,0.009508098471746844,1
2019-01-04,23.67678451538086,23.701550018364777,23.230986566322198,23.230986566322198,6656200.0,0.018465859094539683,23.292082214355467,23.181457901000975,0.010358472421891167,1
2019-01-07,23.767597198486328,24.1060727425936,23.635507683471644,23.858406673380077,7845400.0,0.0038355158846199444,23.422518157958983,23.213654708862304,0.009545640604086716,1
2019-01-08,24.22165298461914,24.229908678977797,23.79236632564536,23.83364479743862,4658100.0,0.01910398355967291,23.60579032897949,23.293733024597167,0.011356985681296785,1
2019-01-09,23.924455642700195,24.295954036840453,23.87492304835242,24.16386606883787,4719600.0,-0.012269903383871683,23.767597961425782,23.43903007507324,0.012854616767289986,0
2019-01-10,24.36199188232422,24.395013078698085,23.92444961443067,23.973983770910053,3436700.0,0.018288242213674977,23.99049644470215,23.592582130432127,0.01374654720231609,1
2019-01-11,24.25467109680176,24.353737841869368,24.12258315311994,24.33722645525602,3755100.0,-0.0044052549578396105,24.106073760986327,23.6990779876709,0.01381596996240439,0
2019-01-14,24.106075286865234,24.19688477134345,23.899687661377047,24.13909648814478,5985600.0,-0.006126482166815328,24.173769378662108,23.798143768310545,0.01469979200085596,0
2019-01-15,24.18037223815918,24.53535759139488,24.10607257537178,24.18862635659116,5085300.0,0.003082084097465243,24.165513229370116,23.885651779174804,0.011737119510520744,1
2019-01-16,24.370248794555664,24.378504487715343,24.114327030443054,24.114327030443054,4743800.0,0.007852507584512614,24.25467185974121,24.011134910583497,0.009908198074044994,1
2019-01-17,24.38676071166992,24.494081575856715,24.27118257953126,24.33722655163371,3699600.0,0.0006775440519073417,24.25962562561035,24.12506103515625,0.005664070674962121,1
2019-01-18,24.304208755493164,24.61791727324606,24.304208755493164,24.58489606987809,6719800.0,-0.003385113634105985,24.269533157348633,24.18780345916748,0.0054710718361458514,0
2019-01-22,24.444549560546875,24.444549560546875,24.00700725103065,24.34548281277644,7518700.0,0.005774341656853643,24.33722801208496,24.255498695373536,0.004393590848262023,1
2019-01-23,24.6591911315918,24.683956635830565,24.45280353166911,24.45280353166911,4802200.0,0.008780753783712791,24.432991790771485,24.2992525100708,0.005157672214115947,1
2019-01-24,24.86558532714844,24.90686222823676,24.4528100178138,24.60140780649948,6317600.0,0.008369868843435935,24.532059097290038,24.393365478515626,0.005259962299982844,1
2019-01-25,24.593151092529297,24.93162668452112,24.54361692691146,24.807792845089207,5605400.0,-0.010956276759015116,24.573337173461915,24.41648139953613,0.008620655567073822,0
2019-01-28,24.65093231201172,24.78302023323972,24.44454473826644,24.593144043300995,6318400.0,0.002349484182202932,24.642681884765626,24.456107521057127,0.0081402922424785,1
2019-01-29,24.791278839111328,24.824300035993527,24.65093520948405,24.75825606761672,4339000.0,0.00569335574505736,24.712027740478515,24.524627876281738,0.008133130171931468,1
2019-01-30,24.93988037109375,25.088479716141453,24.683960151629734,24.683960151629734,3672000.0,0.005994105142651307,24.768165588378906,24.600578689575194,0.007709335520576077,1
2019-01-31,25.526018142700195,25.58380641810956,24.799534491734384,24.931622428273624,6464600.0,0.023502028192797564,24.90025215148926,24.71615562438965,0.012297571416107368,1
2019-02-01,25.435209274291992,25.55904152857681,25.220565965379134,25.476487742128626,4046400.0,-0.003557502306099858,25.068663787841796,24.821000480651854,0.010098474515754102,0
2019-02-04,25.53427505493164,25.54253074818614,25.096732760118137,25.27835486249213,5069100.0,0.003894828604369849,25.245332336425783,24.944007110595702,0.009950923519952585,1
2019-02-05,25.451719284057617,25.5590401453999,25.37741962058509,25.443463590937064,6156800.0,-0.003233135489314698,25.37742042541504,25.04472408294678,0.011011787483491572,0
2019-02-06,25.261838912963867,25.44345940791946,25.187539261706533,25.360904064898843,4231300.0,-0.007460414323078202,25.441812133789064,25.104988861083985,0.012366480426182902,0
2019-02-07,25.435209274291992,25.476487742128626,25.154521991453063,25.2866099393052,4006500.0,0.0068629351143219,25.423650360107423,25.16195125579834,0.0058863342814976195,1
2019-02-08,25.468236923217773,25.49300243404736,25.15452680606498,25.43521414262786,4929300.0,0.0012985011670088031,25.430255889892578,25.24945983886719,0.005694190504619306,1
2019-02-11,25.418701171875,25.54253343449093,25.17103507203049,25.451722373753345,4539600.0,-0.0019450011986348326,25.40714111328125,25.326236724853516,0.0053542284465292,0
2019-02-12,25.459980010986328,25.600323672558805,25.3031249599082,25.476491400491977,4621300.0,0.0016239554819190705,25.408793258666993,25.393106842041014,0.00526391371075805,1
2019-02-13,25.393938064575195,25.50125895574522,25.286615598792277,25.393938064575195,3379700.0,-0.0025939512278735366,25.435213088989258,25.43851261138916,0.0037559886369579044,0
2019-02-14,25.451719284057617,25.575551531641008,25.319631343353677,25.41044239306731,3626600.0,0.0022753942037461172,25.43851509094238,25.431082725524902,0.0022319015815273555,1
2019-02-15,25.50125312805176,25.625086956365585,25.377420874350467,25.550787289222303,3797400.0,0.0019461885242924026,25.445118331909182,25.437687110900878,0.0023330494698548423,1
2019-02-19,25.765430450439453,25.790197532397325,25.49299884735335,25.534277317283134,4638000.0,0.010359385911788532,25.51446418762207,25.46080265045166,0.004706273546559612,1
2019-02-20,25.813758850097656,25.88041794529096,25.63877932119457,25.78876268269904,4870300.0,0.0018757070545032395,25.585219955444337,25.497006607055663,0.00469291431373439,1
2019-02-21,26.01373291015625,26.047063248259267,25.563784470711493,25.66377230646455,2875700.0,0.007746801278335935,25.709178924560547,25.572196006774902,0.003957634789585697,1
2019-02-22,26.163719177246094,26.18038434816018,25.897082799733383,26.063731330317918,3042400.0,0.005765657224507281,25.85157890319824,25.645046997070313,0.003690863364701835,1
2019-02-25,25.838756561279297,26.17205203665895,25.73043453848204,26.15538686557042,3382400.0,-0.012420352541064106,25.91907958984375,25.682098960876466,0.008983779795983145,0
2019-02-26,25.7720947265625,26.055396247839063,25.75542955724552,26.055396247839063,4009000.0,-0.002579916512572944,25.920412445068358,25.717438316345216,0.008025974145664506,0
2019-02-27,25.963741302490234,25.980406473024583,25.59711549712528,25.755431438645303,6019700.0,0.007436204854943673,25.950408935546875,25.767814445495606,0.008694787568104592,1
2019-02-28,25.113832473754883,25.180491555458683,24.330588661054712,25.155495393118425,11266700.0,-0.03273445143492615,25.7704288482666,25.739803886413576,0.01645069695405141,0
2019-03-01,25.13883399963379,25.23049084671677,24.855532462539227,25.08050749304575,5962300.0,0.0009955280981122083,25.56545181274414,25.70851535797119,0.01565094797605942,1
2019-03-04,25.280488967895508,25.297154140911477,24.90553052142809,25.138838175816527,4788300.0,0.005634906068586298,25.453798294067383,25.686438941955565,0.01640081909765985,1
2019-03-05,25.13883399963379,25.29714993842854,25.04717715255081,25.238823431840505,4568800.0,-0.005603331820108859,25.327146148681642,25.623779296875,0.016379593515963405,0
2019-03-06,25.08050537109375,25.20549095881908,24.947187198949678,25.17216062114407,4118000.0,-0.0023202599031000304,25.150498962402345,25.55045394897461,0.015078899596048287,0
2019-03-07,25.02218437194824,25.2554904298666,24.93052751246413,25.13050481465629,5644200.0,-0.002325351833329825,25.132169342041017,25.451299095153807,0.00425184416483009,0
2019-03-08,25.02218437194824,25.09717605893009,24.797209311002693,25.06384571392557,3960500.0,0.0,25.108839416503905,25.337145614624024,0.004173802003769888,0
2019-03-11,25.35547637939453,25.35547637939453,24.997183166391757,25.02218092169826,4084800.0,0.013319860588188126,25.12383689880371,25.288817596435546,0.00737768213022664,1
2019-03-12,25.56378746032715,25.605448798550103,25.272153324931917,25.355477590656005,3943900.0,0.008215624814760014,25.20882759094238,25.267986869812013,0.007047206500773612,1
2019-03-13,25.338809967041016,25.630444074208167,25.33047738234732,25.588781150739702,6378400.0,-0.008800632286404264,25.260488510131832,25.20549373626709,0.008747885795749356,0
2019-03-14,25.338809967041016,25.51379106705252,25.213824375191678,25.34714255173471,5730200.0,0.0,25.32381362915039,25.2279914855957,0.008513680300642321,0
2019-03-15,25.672107696533203,25.672107696533203,25.2888183021292,25.347144810905625,9949200.0,0.013153645728655627,25.453798294067383,25.281318855285644,0.009504496663284848,1
2019-03-18,25.48045921325684,25.688769050379367,25.31381070784764,25.663771297784606,5015200.0,-0.007465241480824947,25.478794860839844,25.30131587982178,0.009598006490000598,0
2019-03-19,25.22216033935547,25.47213155654733,25.172164824494505,25.39713987353413,3641300.0,-0.01013713574545727,25.410469436645506,25.309648513793945,0.009667623130170385,0
2019-03-20,25.213830947875977,25.438806025417605,25.180500600412724,25.30548781412148,3466400.0,-0.00033024100106504584,25.3854736328125,25.322981071472167,0.00904227696620122,0
2019-03-21,25.51379776000977,25.63045079776665,25.147171883701542,25.197165815700437,2916500.0,0.011896915338010627,25.420471191406254,25.37214241027832,0.01075897740342516,1
2019-03-22,25.59711456298828,25.76376308369384,25.53878805752476,25.59711456298828,3836600.0,0.0032655586503511635,25.40547256469727,25.429635429382323,0.008792982125612466,1
2019-03-25,25.66377830505371,25.730437407562484,25.47213358400078,25.547125272982942,2888500.0,0.002604345966471522,25.442136383056642,25.46046562194824,0.00792460238406467,1
2019-03-26,25.7720947265625,25.888747733225312,25.63877655058271,25.66377271528016,2445500.0,0.004220595277175443,25.552123260498046,25.481296348571778,0.004557930732535407,1
2019-03-27,25.447132110595703,25.83042147282284,25.405469186911425,25.80542371861228,3800200.0,-0.012609088217880426,25.598783493041992,25.492128562927245,0.008919010769628184,0
2019-03-28,25.272151947021484,25.53878831137825,25.113836009705363,25.45546405019724,4122700.0,-0.006876223332898057,25.550454330444335,25.485462760925294,0.007481292861240357,0
2019-03-29,25.580453872680664,25.647112970639096,25.197162867460992,25.297152309037767,4084500.0,0.012199274771118818,25.547122192382812,25.47629737854004,0.00974227102039824,1
2019-04-01,25.580453872680664,25.630447798829923,25.3638114069962,25.57212128677608,3133500.0,0.0,25.530457305908204,25.48629684448242,0.009631042208973605,0
2019-04-02,25.64710807800293,25.71376716324497,25.47212698594385,25.67210424166997,3940600.0,0.0026056693776435047,25.50545997619629,25.528791618347167,0.009453864329646601,1
2019-04-03,25.580453872680664,25.738768237033028,25.380474989527112,25.580453872680664,3372000.0,-0.002598897509986098,25.532124328613282,25.565453910827635,0.007140853067802424,0
2019-04-04,25.43880271911621,25.780430789820667,25.347145864783425,25.747100446689384,2680500.0,-0.005537476163225308,25.565454483032227,25.557954406738283,0.00678483164741522,0
2019-04-05,25.722103118896484,25.722103118896484,25.422136401352383,25.52212424768164,3856900.0,0.011136546122407998,25.59378433227539,25.570453262329103,0.006362880449338588,1
2019-04-08,25.38047409057617,25.663775644184813,25.32214758058819,25.647112062244105,4356900.0,-0.0132815356015481,25.55378837585449,25.542122840881348,0.00912203398259377,0
2019-04-09,25.26382064819336,25.43880176450984,25.147167630167814,25.388806251689036,4005600.0,-0.004596188470180063,25.477130889892578,25.491295433044435,0.008869842134934098,0
2019-04-10,25.16383552551269,25.430471932312148,25.063846078323728,25.3054863152847,4637300.0,-0.003957640614734914,25.39380722045898,25.462965774536134,0.008876230958641627,0
2019-04-11,25.23882484436035,25.305483939802777,25.080508896705265,25.19716191640996,4812800.0,0.0029800432756617035,25.35381164550781,25.45963306427002,0.009140219837274163,1
2019-04-12,25.472129821777344,25.52212374395525,25.013848758377247,25.155499528946425,5162400.0,0.009243892251549202,25.30381698608398,25.44880065917969,0.008500607969586781,1
2019-04-15,25.413801193237305,25.638776208177926,25.33047693704322,25.57211712107826,4584900.0,-0.002289899939586948,25.31048240661621,25.432135391235352,0.005830538510874884,0
2019-04-16,25.122169494628903,25.413803624569763,24.98051872233067,25.3138141897153,3432600.0,-0.011475327771353072,25.28215217590332,25.37964153289795,0.007760029927896068,0
2019-04-17,25.005516052246094,25.14716682213047,24.96385312623415,25.11383648132091,3000200.0,-0.004643446196306744,25.25048828125,25.32214775085449,0.00782892690425185,0
2019-04-18,25.23882484436035,25.38047403155708,25.088841482295344,25.130502820967536,3892500.0,0.009330293029217396,25.25048828125,25.302149963378906,0.009096521518383619,1
2019-04-22,25.39713859558105,25.413803766362804,25.172163557861904,25.197161314034528,3154700.0,0.00627262767569281,25.23549003601074,25.26965351104736,0.00841596930742011,1
2019-04-23,25.51379776000977,25.605453037127987,25.330484027216432,25.480467412491542,3940200.0,0.004593397952673994,25.255489349365234,25.282985877990722,0.008622919990045093,1
2019-04-24,25.23882484436035,25.63044683142483,25.230492258770276,25.555455150392326,6149900.0,-0.010777420054665865,25.278820419311522,25.28048629760742,0.00837634940167415,0
2019-04-25,25.42213630676269,25.51379315662195,25.01384915900134,25.15549993183921,4768600.0,0.007263074391647084,25.362144470214844,25.30631637573242,0.00807382992723392,1
2019-04-26,25.388803482055664,25.730431502672538,25.38047089749452,25.588780743689103,2843200.0,-0.0013111732351998029,25.392140197753907,25.32131423950195,0.007479502428372534,0
2019-04-29,25.372142791748047,25.438801886550745,25.24715559837458,25.29715111143524,2378500.0,-0.0006562219570289685,25.387141036987305,25.31131553649902,0.006928136641479163,0
2019-04-30,25.83042526245117,25.86375560628855,25.322148643879057,25.438803258031605,4436200.0,0.01806242675144376,25.450466537475585,25.352977943420406,0.010789478251871437,1
2019-05-01,25.64710807800293,25.905411834656096,25.62211032505793,25.73876332691201,6036200.0,-0.00709694798229743,25.532123184204103,25.405471801757812,0.00972927195692432,0
2019-05-02,25.62211036682129,25.85541796018769,25.58044903445634,25.63877553547845,5859300.0,-0.0009746795274387932,25.57211799621582,25.467131233215333,0.00957656946663664,0
2019-05-03,25.95540809631348,25.96374068138132,25.672106561119303,25.672106561119303,2679400.0,0.013008207548890427,25.685438919067384,25.538789558410645,0.010575585268248523,1
2019-05-06,25.872085571289062,25.972075009535725,25.78043030794768,25.955409838281582,2891100.0,-0.0032102182603036544,25.785427474975585,25.586284255981447,0.010940380084923597,0
2019-05-07,25.672107696533203,25.930413077226163,25.580452435289477,25.855421397577004,4483700.0,-0.00772948412700758,25.753763961791993,25.60211524963379,0.008416844198432022,0
2019-05-08,25.372142791748047,25.69710568025142,25.338812449707607,25.597116243408284,3748200.0,-0.011684467373345608,25.698770904541014,25.61544704437256,0.009411539848422879,0
2019-05-09,24.372257232666016,25.37214534458929,24.28060037211085,25.313817240149785,9882700.0,-0.039408794412399084,25.44880027770996,25.51045913696289,0.019027338175696323,0
2019-05-10,24.713882446289062,24.75554378389781,23.96396724438447,24.180609696361916,7523000.0,0.01401697062203855,25.200495147705077,25.442967033386232,0.01933260600039987,1
2019-05-13,25.13050079345703,25.155498548210463,24.563897733270437,24.58889548802387,6339700.0,0.016857664839727615,25.052178192138673,25.41880283355713,0.022769287062942678,1
2019-05-14,24.813873291015625,25.11383843524917,24.688886092533547,25.063844509423287,8550200.0,-0.012599331188968721,24.880531311035156,25.317147636413573,0.022986820481801055,0
2019-05-15,24.753292083740234,24.95522221355372,24.719636259705645,24.87108425826526,5835400.0,-0.0024414248660376003,24.756761169433595,25.227766036987305,0.02284325822090416,0
2019-05-16,24.90473937988281,25.02253155108561,24.66915343267924,24.73646347405198,4546200.0,0.0061182688601673085,24.863257598876952,25.156028938293456,0.01210799201139655,1
2019-05-17,25.047775268554688,25.173981404851048,24.78694743477104,24.78694743477104,4612500.0,0.005743320036001531,24.93003616333008,25.065265655517578,0.010975919605600511,1
2019-05-20,24.93839454650879,25.266532414877297,24.862670546485138,25.073014634373497,3895100.0,-0.004366883720136827,24.89161491394043,24.97189655303955,0.007791080434038649,0
2019-05-21,24.83742904663086,25.165565293867093,24.820601135285937,24.93839330510449,3804700.0,-0.004048596620349176,24.896326065063477,24.888428688049316,0.005282954296934346,0
2019-05-22,24.8626708984375,24.97205072437471,24.70281054483397,24.85425854702515,6442100.0,0.0010162827947792774,24.91820182800293,24.83748149871826,0.005072720924384615,1
2019-05-23,24.753292083740234,24.913154038308495,24.542947997918105,24.87949821427391,6392600.0,-0.0043993187676445444,24.887912368774415,24.875584983825682,0.0045138755244884705,0
2019-05-24,24.728050231933597,25.005704361209,24.71122392470328,24.904740098635045,3848500.0,-0.001019737161475076,24.823967361450194,24.877001762390137,0.0024508153646963754,0
2019-05-28,24.24846839904785,24.829018583731827,24.24846839904785,24.81219067001967,6517400.0,-0.019394243718674486,24.685982131958006,24.788798522949218,0.008044856839758823,0
2019-05-29,23.937156677246094,24.34101692116161,23.903500854520825,24.33260296548029,4157400.0,-0.01283840763377786,24.505927658081056,24.701126861572266,0.008572590546936503,0
2019-05-30,23.785701751708984,24.063355789072236,23.72680568390428,23.94556204866533,3999300.0,-0.00632718946444788,24.290533828735352,24.604367828369142,0.007323932075870157,0
2019-05-31,23.92873764038086,24.012875574529687,23.726807561302248,23.80253154155643,5326400.0,0.006013524013921412,24.125622940063476,24.506767654418944,0.009910361568895808,1
2019-06-03,24.11384391784668,24.18115395566797,23.79412163939503,24.07177574600758,4841700.0,0.007735730996249579,24.002781677246094,24.413374519348146,0.011767388176727478,1
2019-06-04,24.24846839904785,24.26529631276001,23.68474612807604,24.14750412637127,5360500.0,0.0055828710536496295,24.002781677246094,24.344381904602052,0.00911077583173924,1
2019-06-05,24.433570861816406,24.55977699794105,24.231639118259267,24.3662592107653,5904100.0,0.007633573375538383,24.102064514160155,24.303996086120605,0.005922153419911408,1
2019-06-06,24.52611923217773,24.744877266393825,24.450395235533783,24.55977505504081,4823300.0,0.00378775459734193,24.250148010253906,24.27034091949463,0.0016306436341169159,1
2019-06-07,24.24846839904785,24.85426045430006,24.2232281332778,24.744880619969223,4009000.0,-0.01132061825605113,24.314094161987306,24.21985855102539,0.00799639485421613,0
2019-06-10,24.33260726928711,24.38308940750604,24.0465391447161,24.256883259559597,3184300.0,0.0034698632859864187,24.357846832275392,24.18031425476074,0.007537012303870814,1
2019-06-11,24.097021102905277,24.33260708749728,24.004470784328387,24.2821249496555,6415600.0,-0.00968191216726666,24.327557373046876,24.165169525146485,0.008647031372531332,0
2019-06-12,24.383087158203125,24.450397204551862,24.122260929201527,24.181157019156917,2896200.0,0.011871428176794874,24.31746063232422,24.209762573242188,0.009855349755995457,1
2019-06-13,24.618677139282227,24.871089453070745,24.542953124186003,24.871089453070745,4925600.0,0.009662024318353835,24.335972213745116,24.293060111999512,0.01078216161452258,1
2019-06-14,24.921566009521484,25.02253026398825,24.65232425308169,24.711221940451512,4508700.0,0.0123032146904416,24.470591735839843,24.392342948913573,0.00920339719547485,1
2019-06-17,24.90473937988281,25.03094550685695,24.778533252908677,24.92156729142549,4389200.0,-0.0006751834789293643,24.585018157958984,24.471432495117188,0.009612385924089525,0
2019-06-18,24.85425567626953,25.07301209328069,24.685979781094005,25.06459974284,3700100.0,-0.002027072150534437,24.736465072631837,24.532011222839355,0.007006232765345403,0
2019-06-19,25.224464416503903,25.31701633524885,24.702811940373444,24.702811940373444,3814400.0,0.014895185156875934,24.904740524291988,24.611100578308104,0.007710368752356733,1
2019-06-20,25.27494239807129,25.4432166790526,24.96363249081931,25.333838476654638,2881000.0,0.002001151768136644,25.0359935760498,24.68598289489746,0.00776826551257885,1
2019-06-21,25.173974990844727,25.274940837035864,24.88790696556713,25.274940837035864,6042400.0,-0.0039947630992135386,25.08647537231445,24.77853355407715,0.007509809541114293,0
2019-06-24,25.115079879760746,25.31700997509497,24.963631907060638,25.24128598874492,3363500.0,-0.0023395236987960866,25.12854347229004,24.856780815124512,0.007694844122925963,0
2019-06-25,24.82901382446289,25.148736099718043,24.80377195873306,25.098253973056256,4435300.0,-0.011390210848120197,25.12349510192871,24.929980087280274,0.009706986990583585,0
2019-06-26,24.105432510375977,24.786946915949866,24.063364334090423,24.753292695881036,5227400.0,-0.02914257163826628,24.899688720703125,24.90221462249756,0.012266543784784504,0
2019-06-27,23.987642288208008,24.290538317507288,23.945572503695224,24.21481431018247,5255600.0,-0.0048864596027168306,24.64222869873047,24.839111137390137,0.011052712621878411,0
2019-06-28,24.08860206604004,24.231636097094185,23.937155684451437,23.95398199031824,5489500.0,0.004208824553034951,24.42515411376953,24.75581474304199,0.012715855960655288,1
2019-07-01,23.97081184387207,24.113845886519453,23.77729566993679,24.06336375523156,3337600.0,-0.004889873718908255,24.196300506591797,24.66242198944092,0.012444693353508817,0
2019-07-02,24.399911880493164,24.618669903721607,24.206395723144198,24.40832583578632,4275100.0,0.017900938834109148,24.110480117797852,24.61698760986328,0.017166291105721928,1
2019-07-03,24.76170921325684,25.00570754958683,24.425158953768104,24.4335729108551,2772500.0,0.014827813089477448,24.241735458374027,24.570712089538574,0.010703545940109187,1
2019-07-05,24.770124435424805,24.778538392941527,24.282126133043125,24.55136635438497,3883800.0,0.0003398481944638654,24.39823188781738,24.520230293273926,0.009646988218135782,1
2019-07-08,24.53453254699707,24.85425643665252,24.383084557665324,24.837428525660563,4059200.0,-0.009511130597745554,24.48741798400879,24.45628604888916,0.012094418057389679,0
2019-07-09,24.47563743591309,24.610257519602285,24.39149948240784,24.534533521927365,3367500.0,-0.002400498602170842,24.58838310241699,24.392341804504394,0.01169533736211272,0
2019-07-10,24.4083309173584,24.69439903769076,24.341020865797734,24.5850192009058,4321400.0,-0.002749939352179376,24.59006690979004,24.350273513793944,0.008996033529675387,0
2019-07-11,24.45039749145508,24.47563936093133,24.130675168746446,24.399915357300685,5126900.0,0.001723451482164462,24.527804565429687,24.384770011901857,0.004333839847698643,1
2019-07-12,24.29053497314453,24.517705359043592,24.24846519442399,24.44198136214458,3580100.0,-0.006538238012957387,24.431886672973633,24.41505928039551,0.004290667928468842,0
2019-07-15,24.391498565673828,24.39991252118792,24.206396358757587,24.31577457084493,3846000.0,0.00415649933774298,24.403279876708986,24.44534893035889,0.004170480502358082,1
2019-07-16,24.315778732299805,24.458812790922668,24.08019435677852,24.36626086922605,4179200.0,-0.003104353476689803,24.37130813598633,24.47984561920166,0.004234139974972349,0
2019-07-17,24.4083309173584,24.526123106390003,24.366261132134102,24.47564096891906,3019300.0,0.0038062603742832213,24.37130813598633,24.480687522888186,0.004666893401382349,1
2019-07-18,24.61025619506836,24.64391201657828,24.214809921114163,24.341016042180573,2646500.0,0.008272801544425112,24.403279876708986,24.465542221069338,0.005997821832300006,1
2019-07-19,24.097021102905277,24.610261252824397,24.080194793490165,24.568193072089283,4040100.0,-0.02085452049320513,24.364577102661134,24.398231887817385,0.011541463012014128,0
2019-07-22,24.13067054748535,24.21480849149484,24.00446443387003,24.181152671971923,3184900.0,0.0013964151185483775,24.312411499023437,24.357845687866213,0.011263264978170092,1
2019-07-23,24.139087677001957,24.223225632076783,24.063363677914406,24.130673721014663,4899000.0,0.0003488145718968383,24.27707328796387,24.3241907119751,0.011291863349202406,1
2019-07-24,23.92033195495605,24.24846824628499,23.84460794852658,24.2064000670678,3576600.0,-0.009062302808333533,24.1794734954834,24.275390815734863,0.011273363120995255,0
2019-07-25,24.021299362182617,24.05495519378756,23.794128918042784,23.802542875944017,3548800.0,0.004220986874960531,24.06168212890625,24.232481002807617,0.010273733761066757,1
2019-07-26,24.23163414001465,24.332599991050387,24.088600120512712,24.088600120512712,2340900.0,0.008756178200883147,24.088604736328126,24.22659091949463,0.0065627173805619015,1
2019-07-29,24.197978973388672,24.27370295748435,23.99604888406609,24.240047140198406,2081100.0,-0.0013888938084617442,24.102066421508788,24.207238960266114,0.00665226542607648,0
2019-07-30,24.265295028686523,24.50929334540815,24.105433066476984,24.130674935709468,4805000.0,0.002781887502748992,24.127307891845703,24.202190589904784,0.006720230207757728,1
2019-07-31,24.4083309173584,24.593433157950663,24.17274493449698,24.23164102901278,8457700.0,0.00589466925923543,24.224907684326173,24.202190589904784,0.0037672863455398015,1
2019-08-01,24.47563743591309,24.61867147543261,24.24846544288832,24.43356926155945,5254700.0,0.0027575223714630948,24.315775299072264,24.188728713989256,0.003807603642492103,1
2019-08-02,24.677566528320312,24.770118433781192,24.3073605112747,24.52611853931084,4187900.0,0.008250207698816903,24.404961776733398,24.24678325653076,0.0036448808378521207,1
2019-08-05,24.021299362182617,24.803779794215327,23.90350716116208,24.677573635293555,4359000.0,-0.026593674274347667,24.369625854492188,24.23584613800049,0.01428138180378217,0
2019-08-06,24.282121658325195,24.341017745290547,23.760467622007223,24.08860388069875,6017900.0,0.010857959522089677,24.372991180419923,24.250149536132813,0.015291039436475454,1
2019-08-07,23.60901641845703,24.33260048531764,23.08736405776973,24.273704406349506,8669900.0,-0.027720198808796725,24.213128280639648,24.21901798248291,0.019095949522904034,0
2019-08-08,23.415502548217773,23.59219240709668,23.221986382853498,23.457570721628112,5609200.0,-0.008196608736650846,24.001101303100587,24.158438301086427,0.018384955518982313,0
2019-08-09,23.238813400268555,23.58377754431791,23.2135715343145,23.432329558189338,4311900.0,-0.007545819167680712,23.713350677490233,24.059156227111817,0.01594336283250211,0
2019-08-12,23.356609344482425,23.39867752308173,23.01164514461405,23.22198924720687,5385000.0,0.005068931110420172,23.580412673950196,23.975019264221192,0.014870097502853872,1
2019-08-13,23.558536529541016,23.62584656971921,23.2808824132062,23.390260626696545,5280700.0,0.00864539805758624,23.43569564819336,23.90434341430664,0.014282663726542534,1
2019-08-14,23.378313064575195,23.79487190278504,23.36131026591941,23.633348558507382,5185000.0,-0.007650028037175849,23.389554977416992,23.80134162902832,0.008129428843254707,0
2019-08-15,23.43781852722168,23.752363780064037,23.318802193350702,23.369808961941704,4620700.0,0.002545327478596038,23.394018173217773,23.69755973815918,0.007452376129880374,1
2019-08-16,23.69286155700684,23.77787231882668,23.454827208072768,23.47183000902728,3940600.0,0.010881688049975358,23.48482780456543,23.599089241027833,0.007208804354966495,1
2019-08-19,23.896883010864254,24.05840470620771,23.692854326107383,23.74386109192764,2851700.0,0.008611093825307892,23.592882537841795,23.586647605895998,0.007519946239586029,1
2019-08-20,23.65885162353516,23.939391302016755,23.590842053644952,23.896885928888896,2565200.0,-0.009960771336616547,23.612945556640625,23.524320602416992,0.009392289969923633,0
2019-08-21,23.735361099243164,23.769365071311174,23.55683497608926,23.633345940087224,2808500.0,0.0032338626119914338,23.684355163574217,23.536955070495605,0.00809056585984986,1
2019-08-22,23.82037925720215,23.939395620611187,23.675858692429884,23.735366874134403,3054100.0,0.0035819197190007923,23.760867309570312,23.577442741394044,0.008087289212559787,1
2019-08-23,23.310304641723636,23.930892229998637,23.22529226572575,23.91388943050382,2818800.0,-0.021413370877556015,23.68435592651367,23.58459186553955,0.012291514472908445,0
2019-08-26,23.44632339477539,23.454824794377775,23.233793269144183,23.327307043294294,2183500.0,0.005835134080928839,23.5942440032959,23.593563270568847,0.011672343242476287,1
2019-08-27,23.191282272338867,23.57383543287984,23.18278087479674,23.548332861729246,5153200.0,-0.010877659500907244,23.500730133056642,23.556837844848634,0.011800910126370651,0
2019-08-28,23.2167911529541,23.28480073029781,23.08927339811917,23.199789974725345,3563600.0,0.0010999340319211015,23.39701614379883,23.540685653686523,0.011512199358544247,1
2019-08-29,23.480323791503903,23.61634291205697,23.25079091751717,23.361305844913105,4742100.0,0.0113509501297413,23.32900505065918,23.544936180114746,0.01324509880141639,1
2019-08-30,23.539833068847656,23.79486852659353,23.531331670726008,23.565335641736706,4347300.0,0.0025344317170483688,23.374910736083983,23.52963333129883,0.008201794276097107,1
2019-09-03,24.04991340637207,24.06691458665378,23.48033251928599,23.488832298688635,5282100.0,0.02166881710811497,23.49562873840332,23.54493637084961,0.012159904007221807,1
2019-09-04,23.93088722229004,24.14341730707321,23.786366699778448,24.0669063468332,2687000.0,-0.004949131502922421,23.643549728393555,23.572139930725097,0.01036179740115255,0
2019-09-05,23.794870376586918,24.007400481724144,23.735362206584654,23.76936618023908,3999000.0,-0.005683736020302255,23.759165573120118,23.578090858459472,0.011590828848246406,0
2019-09-06,24.22843360900879,24.28794178299824,23.97339811434652,24.03290628833597,5483900.0,0.01822086968998482,23.908787536621094,23.618896293640137,0.012870733284356128,1
2019-09-09,24.466466903686523,24.534476474185244,24.02440388470681,24.134918828713708,4254700.0,0.009824543283277976,24.094114303588867,23.734512519836425,0.012741541858726179,1
2019-09-10,24.91703224182129,24.959539241141407,24.398459821925663,24.46646939936163,7623800.0,0.018415627393543854,24.26753807067871,23.881583404541015,0.011913482270121923,1
2019-09-11,25.852163314819336,25.86916611334193,24.815016927082944,24.815016927082944,7663200.0,0.0375297934329637,24.65179328918457,24.147671508789063,0.015668814672966054,1
2019-09-12,25.40160179138184,25.94568005607046,25.325092432221865,25.928677255601,5511300.0,-0.01742838763436172,24.97313957214356,24.366152572631837,0.019961082874133906,0
2019-09-13,25.376096725463867,25.631132221608777,25.257078755316925,25.257078755316925,3385300.0,-0.0010040731339480136,25.20267219543457,24.555729866027832,0.0206199623666898,0
2019-09-16,25.79265594482422,25.835161320978493,25.367595697376856,25.50361484684192,3758600.0,0.016415417385383435,25.46791000366211,24.78101215362549,0.020857789522187715,1
2019-09-17,25.42710304260254,25.792655102911265,25.24007712356194,25.792655102911265,4519300.0,-0.014172751460868271,25.56992416381836,24.918731117248534,0.02287190392962269,0
2019-09-18,25.47811317443848,25.537622977021528,25.18057226890484,25.52912157665252,5544000.0,0.0020061322656566016,25.495114135742188,25.07345371246338,0.013591164226630814,1
2019-09-19,25.537620544433597,25.682139472511587,25.384598595320227,25.55462172207584,3456000.0,0.00233562703751633,25.52231788635254,25.24772872924805,0.010892573492911053,1
2019-09-20,25.784156799316406,25.86066778026352,25.64813763796072,25.64813763796072,5439200.0,0.009653845958508711,25.603929901123045,25.403301048278813,0.01140474664121151,1
2019-09-23,25.843658447265625,25.945673603234336,25.733143514652426,25.818155874380366,2840100.0,0.0023076825204071394,25.614130401611327,25.541020202636723,0.008774407497085352,1
2019-09-24,25.88616752624512,26.081694834360512,25.82665773460145,25.88616752624512,4089600.0,0.001644855315908078,25.705943298339843,25.6379337310791,0.003401479149147155,1
2019-09-25,26.022188186645508,26.09019775959835,25.801156669179743,25.877667641436204,3125300.0,0.0052545692699577096,25.81475830078125,25.654936218261717,0.003332954383141722,1
2019-09-26,25.605627059936523,26.10719660219016,25.580122864306283,26.10719660219016,4808800.0,-0.01600792076827584,25.828359603881836,25.675338745117188,0.009791115313066739,0
2019-09-27,25.50361442565918,25.724645945258697,25.410100653892734,25.648134972263627,4955400.0,-0.003983992816835036,25.77225112915039,25.688090515136718,0.008433634474069321,0
2019-09-30,25.656635284423828,25.733146254176667,25.495111945892717,25.554620117594684,5482300.0,0.005999967542274831,25.73484649658203,25.67448844909668,0.009060637556153005,1
2019-10-01,25.41010093688965,25.77565300716483,25.38459835992469,25.656636657391942,4112100.0,-0.009608989830550807,25.639633178710938,25.672788238525392,0.009496718997412628,0
2019-10-02,24.755504608154297,25.39309485269512,24.738501812479008,25.384593454857477,5012900.0,-0.025761264402733186,25.386296463012695,25.600527381896974,0.012008074393585578,0
2019-10-03,24.56848526000977,24.78951681278483,24.321951126725978,24.78101541212313,9665800.0,-0.00755465707949754,25.178868103027348,25.50361385345459,0.011513164894062313,0
2019-10-04,24.86602020263672,24.89152439683228,24.338944872926312,24.653490115434696,4380700.0,0.012110430882413814,25.051349258422853,25.411800193786622,0.014769549836330224,1
2019-10-07,24.508975982666016,24.82352130720072,24.500474582383852,24.78101430578992,2923700.0,-0.014358719934315922,24.82181739807129,25.27833194732666,0.01376372079828192,0
2019-10-08,23.95639419555664,24.6449912961302,23.95639419555664,24.6449912961302,4239600.0,-0.02254609851917877,24.53107604980469,25.085354614257813,0.015054201376263808,0
2019-10-09,23.922386169433597,24.049905519323826,23.70135468349332,23.98189433459523,4512500.0,-0.0014195803360653736,24.364452362060547,24.875374412536623,0.013154713774613162,0
2019-10-10,23.93938636779785,24.168919226921105,23.83737284472688,23.905382400599432,5663100.0,0.0007106397432032896,24.238632583618163,24.708750343322755,0.013542509003448827,1
2019-10-11,24.032901763916016,24.19442345677195,23.87137844958426,23.93088661237074,3435200.0,0.003906340567022992,24.072008895874024,24.561679077148437,0.011236559730197496,1
2019-10-14,23.709857940673828,24.151920947216528,23.70135654191616,24.1094155749042,2876700.0,-0.013441731939636936,23.912185287475587,24.367001342773438,0.011087650376663547,0
2019-10-15,23.95639419555664,23.973396993466125,23.70985849029729,23.718359889252028,5200800.0,0.010398048588046827,23.912185287475587,24.221630668640138,0.008754635343878717,1
2019-10-16,24.3304443359375,24.355946907860144,23.88838137921888,23.94788954233949,6323200.0,0.015613791346372086,23.99379692077637,24.179124641418458,0.011059784771570406,1
2019-10-17,24.406957626342773,24.491969996631205,24.16892493530648,24.330448276706893,3738400.0,0.00314475516142787,24.08731117248535,24.162971878051756,0.010962900012378783,1
2019-10-18,24.347450256347656,24.483469404703417,24.168925732184277,24.347450256347656,3528600.0,-0.0024381314093359086,24.15022087097168,24.11111488342285,0.011326624616399526,0
2019-10-21,24.432462692260746,24.474969689653808,24.262439567116942,24.304944943033856,3142900.0,0.0034916360858330275,24.294741821289062,24.103463554382323,0.007025050913460379,1
2019-10-22,24.90003204345703,24.93403602277505,24.48347154110816,24.593988122213386,5306300.0,0.019137217442447785,24.48346939086914,24.197827339172363,0.009146583497217902,1
2019-10-23,25.16356658935547,25.17206798875188,24.840519898196305,24.95103646887354,4787600.0,0.010583703082730933,24.650093841552735,24.32194538116455,0.008309199652078323,1
2019-10-24,25.639636993408203,25.69914517557076,25.129564312552063,25.1550685141116,6277300.0,0.018919035279129304,24.89662971496582,24.491970443725585,0.009492441238815885,1
2019-10-25,25.1125602722168,25.699142247976592,25.07005327445989,25.65663687169585,4688100.0,-0.020557105442909007,25.04965171813965,24.599936294555665,0.01636745418613841,0
2019-10-28,24.77250862121582,25.08705389135136,24.76400722240394,24.968037550937066,3258500.0,-0.013541098450929212,25.117660903930663,24.706201362609864,0.018707225743007583,0
2019-10-29,24.687498092651367,24.849019807066203,24.55147733194386,24.772508838564,4098100.0,-0.0034316479555747126,25.075154113769532,24.779311752319337,0.01639199420286909,0
2019-10-30,24.72150230407715,24.806514672282045,24.525974992239128,24.678996930712728,2671500.0,0.0013773858856884758,24.986741256713866,24.8184175491333,0.015150585799553442,1
2019-10-31,24.713003158569336,24.857523711252977,24.58548540537229,24.781012735039507,2497200.0,-0.00034379567241793474,24.801414489746094,24.849022102355956,0.009398831094866972,0
2019-11-01,24.670494079589844,24.789510415185525,24.60248451332432,24.712999450452312,2698600.0,-0.0017201098023876815,24.713001251220703,24.881326484680176,0.005868172307513566,0
2019-11-04,24.576984405517575,24.891529715232675,24.483470628295965,24.619489783449456,3807100.0,-0.003790344602365714,24.673896408081056,24.89577865600586,0.002156859528016954,0
2019-11-05,24.432462692260746,24.71300238915036,24.389957316343832,24.559980441487628,4277500.0,-0.005880368025313332,24.62288932800293,24.84902172088623,0.0028489100351722506,0
2019-11-06,24.45796585083008,24.755508334026462,24.449464451712917,24.449464451712917,4258100.0,0.0010438226752071955,24.57018203735352,24.77846164703369,0.002750152628407754,1
2019-11-07,24.65349006652832,24.747003823583984,23.947890243276373,24.43245858169958,5567100.0,0.007994295882607139,24.55827941894531,24.679846954345702,0.00538041604766596,1
2019-11-08,24.466466903686523,24.71300098869086,24.330447762689083,24.525975075188395,5554900.0,-0.007586072492661633,24.51747398376465,24.615237617492674,0.006284563879150195,0
2019-11-11,23.54833984375,24.44096577114929,23.403819285635457,24.40696017089822,6151400.0,-0.0375259355407046,24.311745071411135,24.492820739746094,0.017416152345799053,0
2019-11-12,23.752365112304688,23.78636908611395,23.43781984181988,23.565337581187656,3945400.0,0.00866410413253993,24.175725555419923,24.399307441711425,0.019075836157390835,1
2019-11-13,23.879880905151367,23.96489326495895,23.65884941824202,23.80336994347213,3699200.0,0.005368551394514531,24.06010856628418,24.31514530181885,0.01953814971638061,1
2019-11-14,22.689712524414062,24.04140400639655,22.604700165385275,23.88838208443991,14507800.0,-0.049839795494145966,23.667353057861327,24.11281623840332,0.026191868446324953,0
2019-11-15,21.661067962646484,22.859737627906387,21.329521516950432,21.83109269563093,18684100.0,-0.045335284026219336,23.10627326965332,23.811873626708984,0.028438271591455577,0
2019-11-18,21.38902473449707,21.805583450232607,21.32951657817423,21.78008088122319,7553500.0,-0.012559086588830204,22.674410247802733,23.493077659606932,0.027590384538829952,0
2019-11-19,21.542051315307617,21.55905411265885,21.08298551568034,21.37202658474729,8463600.0,0.007154444052969833,22.23234748840332,23.204036521911622,0.027221305344389386,1
2019-11-20,21.024398803710938,21.583329305789068,20.955607382533888,21.514537884612015,7025100.0,-0.024029861595809998,21.661251068115234,22.860679817199706,0.023559151613630588,0
2019-11-21,21.101781845092773,21.136176723377933,20.85241200703123,20.886808525432656,9359600.0,0.003680630400150875,21.343664932250977,22.505508995056154,0.021473543732382368,1
2019-11-22,21.28236961364746,21.51454131215172,20.912615050870404,21.067396183206576,6148400.0,0.008557939319076224,21.267925262451172,22.187099266052247,0.014265310261563632,1
2019-11-25,21.32535552978516,21.41994432802733,21.1791735871002,21.30815890838189,4667300.0,0.0020197899443552547,21.25519142150879,21.96480083465576,0.013398837977442369,1
2019-11-26,21.05879211425781,21.30816202238811,20.938407546259317,21.2565672302887,6035800.0,-0.012499834535233956,21.15853958129883,21.695443534851073,0.013466092074758176,0
2019-11-27,21.21357536315918,21.21357536315918,20.895414006724803,20.99000282838957,3089200.0,0.007350053510266408,21.196374893188477,21.428812980651855,0.008434168986919607,1
2019-11-29,21.11898422241211,21.368354128466056,21.08458933474895,21.22217216563502,2116100.0,-0.004458990958749132,21.199815368652345,21.27174015045166,0.008764728340749376,0
2019-12-02,20.97280502319336,21.24797072122442,20.94700926407603,21.10179037924773,3248500.0,-0.006921696502032559,21.137902450561523,21.20291385650635,0.007746438309336884,0
2019-12-03,20.98139953613281,21.13618061722147,20.86961411096688,20.947004651511207,4086700.0,0.00040979320267098274,21.069111251831053,21.162151336669922,0.007520876428331498,1
2019-12-04,21.256567001342773,21.34255668046557,20.87821503738921,20.87821503738921,4275900.0,0.013114828910058662,21.108666229248048,21.133602905273438,0.008305950803557187,1
2019-12-05,21.316761016845703,21.368354168495447,21.170579053740823,21.21357307342949,3638100.0,0.0028317844315655094,21.12930335998535,21.162839126586913,0.007794655182122742,1
2019-12-06,21.51453399658203,21.609121158533988,21.23936836160079,21.2823623770229,4797700.0,0.00927781568597763,21.208413314819335,21.20411434173584,0.007812517094687462,1
2019-12-09,21.531736373901367,21.634922686681826,21.34255873360908,21.54033386653568,3763200.0,0.0007995700637564163,21.32019958496094,21.22905101776123,0.005638124068716827,1
2019-12-10,21.462936401367188,21.6349157207841,21.376948381775076,21.548926061075644,4253300.0,-0.003195282133287347,21.416506958007812,21.242809104919434,0.006571047879101151,0
2019-12-11,21.591928482055664,21.67791652861299,21.402750843349096,21.4113499760282,4811600.0,0.006009992215243232,21.483579254150392,21.296122741699218,0.004785862813762959,1
2019-12-12,21.342554092407227,21.781099926649137,21.213570409422317,21.548928313206385,6812000.0,-0.011549426437554411,21.488737869262696,21.309020614624025,0.008155913642022417,0
2019-12-13,22.305639266967773,22.365831553374893,21.29956374241745,21.29956374241745,13385300.0,0.045125113441936815,21.646958923339845,21.42768611907959,0.022022803690065033,1
2019-12-16,22.65818977355957,22.67538803393933,22.2884353759766,22.2884353759766,7094600.0,0.01580544284663854,21.872249603271484,21.59622459411621,0.02191418393894299,1
2019-12-17,22.70978736877441,23.070942707002832,22.580803670860703,22.615198558249897,10974200.0,0.0022772161293771465,22.121619796752928,21.76906337738037,0.021187587235456475,1
2019-12-18,23.088138580322266,23.174128250067355,22.744181541458435,22.761378163314227,6808600.0,0.0166602709837822,22.42086181640625,21.95222053527832,0.02102820008664424,1
2019-12-19,23.0279483795166,23.208525226155505,22.864568156283774,22.99355185247109,8020500.0,-0.0026069750316278784,22.757940673828124,22.12333927154541,0.018586150831710974,0
2019-12-20,22.98495101928711,23.43209599707954,22.881764726022126,23.328908063697995,15120400.0,-0.0018671815448283446,22.89380302429199,22.270380973815918,0.009481631234151756,0
2019-12-23,22.98495101928711,23.19132524593364,22.752779399266053,23.02794667491132,4651700.0,0.0,22.9591552734375,22.415702438354494,0.007924573210070115,0
2019-12-24,23.010746002197266,23.17412619622144,22.993547741749165,23.027944262645363,1963700.0,0.0011222552916694273,23.01934700012207,22.5704833984375,0.00796373390942632,1
2019-12-26,23.139738082885746,23.242926042950128,23.05374838951825,23.07094665621515,1994300.0,0.005605732238153527,23.029666900634766,22.72526435852051,0.003238457418631673,1
2019-12-27,23.139738082885746,23.20852950955634,23.045149256169807,23.13113894953729,3099700.0,0.0,23.052024841308597,22.90498275756836,0.002803772941152235,0
2019-12-30,23.139738082885746,23.165535482931084,22.890369776248708,23.07094665621515,3557300.0,0.0,23.082982254028323,22.988392639160157,0.0024305620556397812,0
2019-12-31,23.449295043945312,23.45789417535788,23.11393547932154,23.13973287355925,3443200.0,0.013377721042076907,23.175851058959964,23.06750316619873,0.00571837406326195,1
2020-01-02,23.174129486083984,23.50948741184832,22.95055698886889,23.500888280403515,3385800.0,-0.011734491691355875,23.208527755737308,23.113937377929688,0.009186626973985142,0
2020-01-03,23.03654670715332,23.165530398838268,22.98495191838604,23.019348444230896,3405400.0,-0.005936912496035007,23.18788948059082,23.108778190612792,0.009330347026360188,0
2020-01-06,23.00214958190918,23.21712294248777,22.941957303365825,23.019347844383446,3513900.0,-0.001493154580910372,23.160371780395508,23.10619831085205,0.009319880068276994,0
2020-01-07,23.105337142944336,23.11393463392584,22.67539042874089,23.01074834098228,4252100.0,0.004485996435581452,23.153491592407228,23.118236923217772,0.009668555767661981,1
2020-01-08,22.907560348510746,23.16552936043369,22.890363726475787,23.148331098282185,5922600.0,-0.008559788295233184,23.045144653320314,23.11049785614014,0.006335706107852038,0
2020-01-09,22.744186401367188,22.881769246311,22.623800181953683,22.881769246311,5709400.0,-0.007131878936823544,22.959156036376953,23.08384189605713,0.0052980216170630465,0
2020-01-10,22.615198135375977,22.73558433927885,22.27124106733205,22.72698520756317,8430700.0,-0.0056712631401691915,22.874886322021485,23.031387901306154,0.00527158758410935,0
2020-01-13,22.597999572753903,22.76997727195881,22.52920816504864,22.615196194592823,4303600.0,-0.000760486930918014,22.79405632019043,22.977214050292968,0.005356857284219947,0
2020-01-14,22.92475891113281,23.06234172991504,22.74418207652485,22.8559675017417,4837200.0,0.014459657693456807,22.757940673828124,22.955716133117676,0.009410237738054068,1
2020-01-15,23.21712684631348,23.31171566570993,22.92476289555796,22.959159426290068,3302800.0,0.012753370114557239,22.81985397338867,22.93249931335449,0.010223431365209782,1
2020-01-16,23.26011848449707,23.36330642599556,23.02794848632968,23.29451501170213,4761000.0,0.001851720864005868,22.92304039001465,22.9410982131958,0.008738564826277195,1
2020-01-17,23.26011848449707,23.389103821399356,23.13113478771148,23.268717616298336,4882400.0,0.0,23.05202445983887,22.963455390930175,0.0073401483956279405,0
2020-01-21,23.22572326660156,23.363306093228807,23.05374391325917,23.27731641655761,5347700.0,-0.0014787206659516716,23.1775691986084,22.985812759399415,0.007502463705787217,0
2020-01-22,22.512012481689453,23.449296544106016,22.50341334972676,23.27731718508553,11147400.0,-0.030729324409820125,23.095019912719728,22.926480293273926,0.016206345318572516,0
2020-01-23,23.15693664550781,23.191331539224155,22.451824103094264,22.486218996810603,5030500.0,0.028648001343412277,23.082981872558594,22.95141792297363,0.02103586919536318,1
2020-01-24,22.752784729003903,23.1053426272413,22.580806986571726,23.1053426272413,6227400.0,-0.017452736633120525,22.981515121459957,22.952277755737303,0.022268119603547118,0
2020-01-27,22.53780174255371,22.89895698032624,22.477609476277664,22.744177569951937,4298500.0,-0.009448645034475511,22.837051773071288,22.944538116455075,0.022223192817174164,0
2020-01-28,22.62379646301269,22.74418266263689,22.408823098111085,22.598000708899136,4442200.0,0.003815577110904078,22.71666641235351,22.947117805480957,0.022620543952116188,1
2020-01-29,22.85597419738769,22.924765626931222,22.6238025076344,22.64100077504954,3266400.0,0.01026254522553649,22.78545875549316,22.940239334106444,0.017919101966820755,1
2020-01-30,22.933353424072266,22.984946560696788,22.726979237457936,22.83876464016377,2631500.0,0.003385514264949485,22.740742111206053,22.911861991882326,0.011262780214263931,1
2020-01-31,22.76997947692871,22.959157096524937,22.52921034670325,22.89896317385188,5125400.0,-0.007123857733429717,22.744181060791014,22.86284809112549,0.008234190733239097,0
2020-02-03,22.64958953857422,23.010744788350976,22.640990408803784,22.81296972397988,5998600.0,-0.005287222084520371,22.766538619995117,22.801795196533202,0.0071578378439446175,0
2020-02-04,22.804378509521484,22.99355450978441,22.555008579972437,22.62380000189685,5840800.0,0.006834073998720713,22.802655029296876,22.759660720825195,0.0075690454099026664,1
2020-02-05,23.00214958190918,23.165529795181552,22.718384811550106,22.81297361504199,4011900.0,0.008672504374768186,22.831890106201172,22.80867443084717,0.0071358595720813515,1
2020-02-06,23.096736907958984,23.16552831333905,22.84736703838344,23.002148110517712,4190400.0,0.004112108118981883,22.864566802978516,22.802654457092284,0.007196187885172748,1
2020-02-07,22.976354598999023,23.13973482941412,22.924761446279376,23.13973482941412,4284700.0,-0.005212091623145176,22.905841827392578,22.825011444091796,0.006657971860747304,0
2020-02-10,23.096736907958984,23.561078484245314,22.84736703838344,22.97635071845651,3708700.0,0.0052393998552409116,22.995271301269533,22.880904960632325,0.005390976741745889,1
2020-02-11,23.242918014526367,23.3461042988318,23.13973009010451,23.174126611617268,2051000.0,0.006329080473571613,23.082979202270508,22.94281711578369,0.005327303480689239,1
2020-02-12,23.320310592651367,23.380502870460223,23.16552951250484,23.242920052578103,2535100.0,0.0033297272776435793,23.146611404418945,22.98925075531006,0.004598716908616088,1
2020-02-13,23.371904373168945,23.4320966526102,23.217123288824787,23.2257224201902,2565700.0,0.002212396799459171,23.201644897460938,23.033105850219727,0.004537106226040356,1
2020-02-14,23.371904373168945,23.672867410491847,23.311712093727685,23.475090669320643,3707600.0,0.0,23.280754852294923,23.09329833984375,0.0024967877962814443,0
2020-02-18,23.285913467407227,23.53528334345833,23.18272553659933,23.371903136394387,5284800.0,-0.003679242580696074,23.31859016418457,23.15693073272705,0.0037468059986733924,0
2020-02-19,22.973005294799805,23.34676235773992,22.807856478132344,23.24245740566811,6321000.0,-0.013437659340501784,23.264607620239257,23.173793411254884,0.006769309444705051,0
2020-02-20,22.355871200561523,22.938236511987352,22.190724041137447,22.886084864688748,9634500.0,-0.026863446306608196,23.07171974182129,23.109165573120116,0.011955486274939966,0
2020-02-21,21.96472930908203,22.408022414425755,21.9299604422139,22.26895026269488,13501900.0,-0.01749615964282647,22.790284729003908,22.995964813232423,0.010793466313477384,0
2020-02-24,21.92126846313477,21.99080453975401,21.504052003419293,21.790888526707533,6522800.0,-0.0019786652198482413,22.50015754699707,22.890456199645996,0.010252696985402609,0
2020-02-25,21.28675079345703,22.121185340837933,21.2519835853295,21.92995989358878,6731300.0,-0.02894529897961029,22.10032501220703,22.7094575881958,0.010906250213936422,0
2020-02-26,20.930381774902344,21.51274711669956,20.895614560847097,21.2954466407733,5898600.0,-0.016741353436816042,21.69180030822754,22.478203964233398,0.010677797074909966,0
2020-02-27,20.99991798400879,22.016884283621103,20.513165379283983,20.956458551717155,12105400.0,0.0033222618609769494,21.42060966491699,22.24616470336914,0.012984160325007522,1
2020-02-28,20.00902557373047,20.678311348917383,19.53965581205523,20.634850264759947,12507100.0,-0.047185537154615265,21.02946891784668,21.909876823425293,0.020518491901600596,0
2020-03-02,20.643539428710938,20.643539428710938,19.809106630738825,20.061174250091423,7324600.0,0.03171138207817137,20.773923110961913,21.63704032897949,0.030381605740575777,1
2020-03-03,20.078561782836918,21.017299654503194,19.817800249786316,20.547929889734625,10594000.0,-0.0273682547426074,20.532285308837892,21.31630516052246,0.030163500577939564,0
2020-03-04,20.704383850097656,20.817380997438736,19.956869871249623,20.226323586988723,6441600.0,0.03116867004865309,20.48708572387695,21.089443016052247,0.03517698827839726,1
2020-03-05,19.70480155944824,20.4001622193925,19.54834499649314,20.365395015330577,9387500.0,-0.048278775059741874,20.228062438964844,20.824336051940918,0.04051102733982725,0
2020-03-06,18.731300354003903,19.218054613546027,18.192396102335856,19.122441873658996,11016500.0,-0.049404263347049726,19.97251739501953,20.500993156433104,0.04100209698796577,0
2020-03-09,15.671706199645996,18.73129471902656,14.915500041761042,17.94032135755973,11313700.0,-0.16334125749598072,18.97815074920654,19.87603693008423,0.07060394848893423,0
2020-03-10,16.26276206970215,16.349682566244088,15.141492803709909,16.19322600404271,14277200.0,0.03771483860956404,18.21499080657959,19.37363805770874,0.08133613338771682,1
2020-03-11,15.350101470947266,15.862930592597888,14.750351850091842,15.74993510414109,16227900.0,-0.05611965512643069,17.144134330749512,18.815610027313234,0.07142773748312277,0
2020-03-12,12.925029754638672,14.254908182710924,12.716421536300942,14.202756542594178,13141000.0,-0.15798408374683803,15.788179969787597,18.00812120437622,0.08421226686089303,0
2020-03-13,13.51608943939209,13.681237432344384,12.168826355657224,13.533473045996562,11802100.0,0.04572985099251259,14.745137786865234,17.358827590942383,0.10126098095578356,1
2020-03-16,10.847636222839355,12.559963709976072,10.73464073750316,12.351355512368077,12262400.0,-0.19742790461090298,13.780323791503907,16.379237270355226,0.1107605326701548,0
2020-03-17,12.733805656433104,12.74249787311686,10.612953692786682,11.08232261754899,12252300.0,0.17387838187479754,13.074532508850098,15.644761657714843,0.1516938988345633,1
2020-03-18,10.838945388793944,12.047135216559369,10.1435838657211,11.873295043024992,9909700.0,-0.14880549607586313,12.172301292419432,14.658217811584473,0.15984699687399007,0
2020-03-19,10.630334854125977,11.073627855893616,10.06535416249404,10.734639772488542,6883800.0,-0.019246386727221898,11.713362312316894,13.750771141052246,0.14963328962292427,0
2020-03-20,10.847636222839355,11.93413828821679,10.152275564146032,10.856328438306845,16152100.0,0.020441629703605857,11.179671669006348,12.962404727935791,0.14687043160470478,1
2020-03-23,10.517341613769531,11.177934320511564,10.369577248448648,10.75202565761509,7790700.0,-0.03044853296005623,11.113612747192382,12.446968269348144,0.11628485388945205,0
2020-03-24,11.84722137451172,12.055829620615588,11.212703589776432,11.386544623798477,6956800.0,0.1264463787123813,10.936295890808106,12.0054141998291,0.09913928461997006,1
2020-03-25,13.15102195739746,13.689926917536166,11.360466072023083,12.15143949462885,10463100.0,0.11005117079104765,11.398711204528809,11.785506248474121,0.07284453831206157,1
2020-03-26,13.811615943908691,14.107143839136471,13.055410529751104,13.185790459147617,9137700.0,0.05023138039395092,12.034967422485352,11.874164867401124,0.06452343728627496,1
2020-03-27,14.167986869812012,14.79381314702907,13.107561405896272,13.229249940792403,9872100.0,0.02580226146966469,12.699037551879883,11.939354610443115,0.06383941392238607,1
2020-03-30,14.107142448425291,14.385286712483348,13.49001006978031,14.254906795939958,7026600.0,-0.004294500125233913,13.416997718811036,12.265305233001708,0.05546477783461284,0
2020-03-31,13.42916774749756,14.09845270759865,13.333555847178957,13.968072768170062,8535100.0,-0.04805896753409544,13.733386993408203,12.334841442108154,0.05926951372887197,0
2020-04-01,12.2731294631958,12.672962329131355,11.864604380211867,12.55996599430876,9715400.0,-0.0860841346268223,13.55780849456787,12.47825984954834,0.05511053153473709,0
2020-04-02,12.281822204589844,12.777266992403176,11.803761022679984,12.003677878650496,18760800.0,0.0007082742360138283,13.251849746704101,12.643408584594727,0.04443903134885527,1
2020-04-03,11.682069778442385,12.316587412205768,11.351773881833555,12.151438634966066,18401700.0,-0.04883252795528381,12.754666328430176,12.72685194015503,0.03592574822420958,0
2020-04-06,13.298788070678713,13.446552447047898,12.03844559188457,12.186209968253758,8633800.0,0.13839313776568551,12.59299545288086,13.004996585845948,0.08785347348197071,1
2020-04-07,13.446551322937012,14.47220882565949,13.377015249157026,14.307060028730485,10940900.0,0.01111103143181058,12.59647216796875,13.164929580688476,0.08518350645970986,1
2020-04-08,14.619976997375488,14.6895130892658,13.41178677907962,13.64647088197552,7016400.0,0.08726592017961199,13.065841674804688,13.31182508468628,0.07442970442234957,1
2020-04-09,15.48047924041748,15.8542361745699,14.95026741887441,14.95026741887441,10495700.0,0.0588579751662035,13.705573081970215,13.478711414337159,0.07169157216179532,1
2020-04-13,14.68082046508789,15.57609907408698,14.55913272210844,15.541330200166476,6616200.0,-0.051655944425918476,14.305323219299316,13.529994773864747,0.07266287769760603,0
2020-04-14,14.77642822265625,15.167569632874802,14.60258722747676,14.993728637695312,5513700.0,0.00651242604565061,14.600851249694824,13.596923351287842,0.05338751868454725,1
2020-04-15,13.794233322143556,14.25491007261606,13.672544764178816,14.115837908619492,8433500.0,-0.06647038686972562,14.670387649536133,13.633429908752442,0.0670269997842693,0
2020-04-16,13.724695205688477,14.02022309590637,13.437858702730402,13.82030709702938,5809500.0,-0.005041100496933848,14.49133129119873,13.778586483001709,0.04987643532832024,0
2020-04-17,14.367904663085938,14.68950836290059,14.12452759084108,14.194063660358088,7588200.0,0.04686511778643143,14.268816375732422,13.987194728851318,0.045762121031463404,1
2020-04-20,13.689927101135254,14.211448465133598,13.576930777971102,13.863767279489585,6976800.0,-0.047186947425433945,14.070637702941895,14.187980461120606,0.0448768320827576,0
2020-04-21,13.481318473815918,13.733386931935922,13.194481981090927,13.290093869020811,5108900.0,-0.015238110895567702,13.811615753173829,14.206233501434326,0.04353902160594496,0
2020-04-22,14.072376251220703,14.25490781586732,13.307478641397944,13.811615570541411,5985900.0,0.0438427278869471,13.867244338989257,14.268815994262695,0.04029488049785041,1
2020-04-23,14.272290229797363,14.515667272780252,14.089757033092578,14.12452589260605,7125200.0,0.0142061280204413,13.976763343811035,14.234047317504883,0.04005647442088094,1
2020-04-24,14.498282432556152,14.585202921008516,14.046297218900202,14.35921031418054,5995600.0,0.015834333461560934,14.002838897705079,14.13582763671875,0.03466725852893435,1
2020-04-27,15.054576873779297,15.124112960531606,14.524363176123508,14.585208702668975,5612700.0,0.038369678878235725,14.275768852233886,14.173203277587891,0.023434934553780498,1
2020-04-28,15.132802963256836,15.7586276524106,15.011115243722424,15.454408353574571,5048000.0,0.005196166596604046,14.60606575012207,14.20884075164795,0.016696573192163323,1
2020-04-29,15.376180648803713,15.802089341348967,15.280567918154668,15.671709400018116,4675200.0,0.016082789562370525,14.866826629638672,14.367035484313964,0.012263787213221133,1
2020-04-30,14.80250644683838,15.245799539705509,14.57651379216862,15.219722890288343,6477500.0,-0.03730927823158503,14.972869873046875,14.474816608428956,0.027879879650192316,0
2020-05-01,14.307061195373535,14.541746085219474,14.054993529068232,14.498286657264703,3554100.0,-0.03347036214739607,14.934625625610352,14.468732261657715,0.03257819843500431,0
2020-05-04,14.220138549804688,14.246213536480218,13.689925049129382,14.14191027403717,4730300.0,-0.006075506659393826,14.76773796081543,14.521753406524658,0.02354290144864517,0
2020-05-05,14.246214866638184,14.602587419355348,14.194063230547302,14.4287480797622,3896600.0,0.0018337596882171958,14.590420341491699,14.598243045806885,0.023002316722840876,1
2020-05-06,13.889842987060549,14.393979914692572,13.846383564523752,14.34182827607428,6115600.0,-0.02501519757449311,14.293152809143066,14.57998971939087,0.017152392582491984,0
2020-05-07,15.48047924041748,16.619134471874947,15.237103865896202,15.280563280526316,27800200.0,0.1145179434237471,14.428747367858886,14.70080862045288,0.05992538081468888,1
2020-05-08,16.158462524414062,16.236690823545118,15.723861599406414,15.723861599406414,17847500.0,0.04379601390029686,14.799027633666991,14.866826629638672,0.0556042764892177,1
2020-05-11,15.80209255218506,16.07154470673507,15.497871522017633,15.984624175562772,9988000.0,-0.02205469559313311,15.115418434143066,14.941578197479249,0.058289501053926364,0
2020-05-12,15.46310043334961,15.87162467235977,15.46310043334961,15.593480368534058,16858200.0,-0.0214523562443365,15.358795547485352,14.974607944488525,0.06122155121653747,0
2020-05-13,14.689510345458984,15.358796141058978,14.454825457463524,15.324027272672586,8421600.0,-0.050028135769085935,15.51872901916504,14.905940914154053,0.06641276223928476,0
2020-05-14,15.019811630249023,15.06327106847034,14.254912917731982,14.480905643799684,14667600.0,0.02248552041710128,15.426595497131348,14.927671432495117,0.03783042655433441,1
2020-05-15,14.602587699890137,14.976344691108162,14.393979493648352,14.872041416922595,13774200.0,-0.02777823987609951,15.115420532226562,14.957224082946777,0.0263309027129733,0
2020-05-18,15.202341079711914,15.55871372719939,15.124112775836998,15.341413251518194,12625800.0,0.04107171907800211,14.995470237731933,15.0554443359375,0.03765705110663414,1
2020-05-19,14.811197280883787,15.132800970990864,14.68081570383812,15.08064933489497,7583300.0,-0.02572918189226281,14.865089607238769,15.111942577362061,0.03810927490041175,0
2020-05-20,14.837506294250488,15.170735603603973,14.77612207983756,15.012891197654048,8979000.0,0.0017762921435566792,14.89468879699707,15.206708908081055,0.030005374463401912,1
2020-05-21,14.697200775146484,15.039199537292689,14.644585966953514,14.855046872319994,6678300.0,-0.009456138809415204,14.830166625976563,15.128381061553956,0.027982826113811803,0
2020-05-22,14.837506294250488,14.881351683804178,14.662121390846927,14.714737865424636,6535300.0,0.009546410996933874,14.877150344848634,14.996285438537598,0.024866413149813422,1
2020-05-26,15.33735179901123,15.635505144934609,15.267198168946582,15.381198863173184,9083700.0,0.033687972550645595,14.904152488708496,14.949811363220215,0.02214311695069721,1
2020-05-27,15.346114158630373,15.898573532399835,15.284729969610844,15.80211338076645,8866200.0,0.0005713085110108373,15.011135864257813,14.938112735748291,0.016262674171277063,1
2020-05-28,15.802119255065918,15.889811703090018,15.38119751166343,15.63550377107956,8638900.0,0.02971469465963117,15.2040584564209,15.049373626708984,0.018559875530186457,1
2020-05-29,15.591659545898438,15.784581607860508,15.223352574811248,15.679350327866544,12805800.0,-0.013318448353059398,15.38295021057129,15.106558418273925,0.01975999316531942,0
2020-06-01,15.828426361083984,16.003811263142477,15.530273031141176,15.59165891767772,7148700.0,0.015185478780405548,15.581134223937989,15.22914228439331,0.01974298091027111,1
2020-06-02,15.872272491455078,16.02134914767814,15.723195835232016,15.810888281115163,10456300.0,0.002770087775680219,15.688118362426758,15.296135425567627,0.016240518845176476,1
2020-06-03,16.187963485717773,16.380887207504472,16.073964473148276,16.109042121689257,9318100.0,0.01988946412258552,15.856488227844238,15.433812046051026,0.016626664237069745,1
2020-06-04,15.828426361083984,16.11781027866443,15.63550430689515,16.100273126534088,8684900.0,-0.02221015169394225,15.861749649047852,15.532904052734375,0.01805174278141539,0
2020-06-05,16.00381088256836,16.64396291644845,15.968733233953062,16.29319479326719,14693600.0,0.011080351102721098,15.944179916381836,15.663565063476563,0.01663721168240926,1
2020-06-08,16.74042510986328,16.95088598794993,16.117810215336856,16.135349039992672,16830700.0,0.04602742638612756,16.126579666137694,15.853856945037842,0.024876130261386253,1
2020-06-09,16.3370418548584,16.503657357658938,16.003812521851838,16.442273138888876,14122400.0,-0.02409635671481325,16.21953353881836,15.953825950622559,0.029675031456029902,0
2020-06-10,16.12657928466797,16.52996388020023,15.959965471764573,16.415963194956493,10804900.0,-0.012882538470564087,16.207256698608397,16.031872463226318,0.029497105224393888,0
2020-06-11,15.582892417907717,15.723199696741537,15.240891962229918,15.425046311070991,14137600.0,-0.033713713067293316,16.158149909973144,16.0099497795105,0.0319671600555575,0
2020-06-12,15.784578323364258,16.31073126866189,15.547809247091209,16.10027042506166,10230400.0,0.01294277724877091,16.114303398132325,16.02924165725708,0.03217827357781193,1
2020-06-15,16.02134895324707,16.31073285033356,15.205812059841252,15.346119302513838,9072700.0,0.015000123857116021,15.970488166809082,16.04853391647339,0.021853033883021053,1
2020-06-16,16.12657928466797,16.959655039562325,16.073964484413967,16.608886916878408,8157400.0,0.006568131792646037,15.928395652770996,16.073964595794678,0.020670167501758464,1
2020-06-17,16.187963485717773,16.328272407287347,15.9248878120378,16.22304113425875,8001600.0,0.0038063993588624,15.940672492980957,16.073964595794678,0.01989047405589158,1
2020-06-18,16.09149932861328,16.34580552743596,15.98626808153891,16.030115131400702,9331100.0,-0.005959005108307824,16.04239387512207,16.100271892547607,0.008310300992339896,0
2020-06-19,15.60042667388916,16.354577658453024,15.591657262457764,16.354577658453024,21473000.0,-0.03051752013256559,16.00556354522705,16.059933471679688,0.017498651515511176,0
2020-06-22,15.828426361083984,15.907349399750869,15.425043427981588,15.5215052913732,8487000.0,0.0146149648314704,15.966979026794434,15.968733596801759,0.01740448675656579,1
2020-06-23,15.942429542541504,16.109045058295727,15.72319921697871,16.021352593551683,6500200.0,0.0072024330692663785,15.93014907836914,15.929272365570068,0.01748737652720405,1
2020-06-24,16.073963165283203,16.258117459950864,15.679348014276938,15.75827104447819,12808300.0,0.008250538124738638,15.907349014282227,15.924010753631592,0.017973302369529993,1
2020-06-25,15.916122436523438,16.08273796416116,15.688122680965176,15.968737250084647,9782200.0,-0.00981965226227921,15.872273635864257,15.957333755493163,0.018304349079944115,0
2020-06-26,15.521502494812012,15.881039973917902,15.372425856700245,15.810886360253194,14146200.0,-0.02479372367768884,15.856488800048828,15.931026172637939,0.016128900443339197,0
2020-06-29,16.328271865844727,16.328271865844727,15.547810937631317,15.70565700564289,9176000.0,0.05197753060970567,15.956457901000977,15.961718463897705,0.028798314465061457,1
2020-06-30,16.372119903564453,16.494888344077765,16.12658134994327,16.337042250506617,6321100.0,0.0026854059070051672,16.042395973205565,15.986272525787353,0.028844070706000455,1
2020-07-01,16.89826774597168,17.021036148377128,16.37211482158627,16.398423053213453,10663700.0,0.03213681829270487,16.207256889343263,16.057302951812744,0.031257482542597664,1
2020-07-02,17.06488037109375,17.336727061688254,17.012265584001945,17.082419190988993,7950000.0,0.009859745840622436,16.437008476257326,16.15464105606079,0.029243185210515266,1
2020-07-06,17.187658309936523,17.494581108302203,16.94211973672504,17.319196174209047,7024500.0,0.007194772900415147,16.770239639282227,16.313364219665527,0.020817585723003344,1
2020-07-07,17.091190338134766,17.21395874469216,16.871960084942796,17.01226731317813,5533600.0,-0.005612630299148269,16.922823333740233,16.439640617370607,0.014074745425459332,0
2020-07-08,16.950883865356445,17.08242168861511,16.863191425652612,17.06488286615551,5555200.0,-0.008209286187941034,17.038576126098633,16.5404860496521,0.01605030569598139,0
2020-07-09,16.61765480041504,16.863191627410465,16.23180906465827,16.854422216075744,14225000.0,-0.019658506753293614,16.982453536987304,16.594855213165282,0.012045415764572515,0
2020-07-10,16.89826774597168,16.9684213577168,16.617653298991204,16.66149867910914,4330200.0,0.016886434874651135,16.94913101196289,16.693069744110108,0.01418272078932181,1
2020-07-13,16.84565544128418,17.10873280471794,16.775501812220735,16.924578483054862,6914800.0,-0.0031134732552715594,16.880730438232423,16.825485038757325,0.013252541983881927,0
2020-07-14,16.90703773498535,17.170113369882124,16.819345299155064,16.863190680773158,11003900.0,0.0036438056040692945,16.84389991760254,16.883361625671387,0.013602639427161209,1
2020-07-15,16.924579620361328,17.415656729399544,16.907042466362835,17.15257934828738,5236900.0,0.0010375493123597757,16.838639068603516,16.938607597351073,0.013184897603852374,1
2020-07-16,16.915807723999023,17.073652106775647,16.70534520177522,16.924575462547043,4771400.0,-0.0005182933082574781,16.898269653320312,16.94036159515381,0.007828276765235584,0
2020-07-17,17.415651321411133,17.485804933404374,16.924574364864398,16.99472797685764,7708300.0,0.02954890511689623,17.001746368408202,16.97543869018555,0.013324792724500725,1
2020-07-20,16.81934928894043,17.5208855968088,16.71411800646293,17.41565598692579,4760100.0,-0.03423943333876911,16.99648513793945,16.93860778808594,0.022693850491767975,0
2020-07-21,17.012266159057617,17.029804979545716,16.714112901135874,16.880728350584842,6556600.0,0.011469936607121811,17.017530822753905,16.930715370178223,0.023279427993907267,1
2020-07-22,17.547195434570312,17.634887899193483,16.845657390179582,16.915812699953836,7282600.0,0.03144374009384343,17.1420539855957,16.99034652709961,0.026840651226686933,1
2020-07-23,17.722578048706055,18.05580906767419,17.43319409675719,17.503347731393443,5931000.0,0.009994908576114403,17.303408050537108,17.10083885192871,0.026460568862162602,1
2020-07-24,17.310422897338867,17.845345321617206,17.205193298441227,17.748883462132437,3685900.0,-0.023255936593112092,17.282362365722655,17.14205436706543,0.027060746930722544,0
2020-07-27,16.722888946533203,17.310426285250276,16.53873627612372,17.23150323433346,7229800.0,-0.033941051255078514,17.26307029724121,17.129777717590333,0.026969065158556262,0
2020-07-28,16.968421936035156,17.1613439567609,16.661499246966947,16.67026865780822,3973100.0,0.014682450519582835,17.254301452636717,17.13591613769531,0.02737144215069622,1
2020-07-29,17.0385799407959,17.073655920605532,16.757965411940727,17.02981052769486,4183600.0,0.004134621653399062,17.152578353881836,17.14731616973877,0.02158853554807072,1
2020-07-30,16.775503158569336,16.854426206674134,16.45981263874474,16.836889052446633,7231600.0,-0.01544006502541162,16.963163375854492,17.1332857131958,0.01990339506256033,0
2020-07-31,16.67026710510254,16.92457330543646,16.13534480176734,16.801804910281735,16893400.0,-0.006273198035973038,16.835132217407228,17.05874729156494,0.018648167132567107,0
2020-08-03,16.942115783691406,17.143807240022422,16.459809836361703,16.608886493779043,5847100.0,0.016307397888403186,16.878977584838868,17.07102394104004,0.013604936625317102,1
2020-08-04,17.091190338134766,17.46826664124001,16.889498906620737,16.889498906620737,8598400.0,0.008799051803604074,16.90353126525879,17.078916358947755,0.012518632880882636,1
2020-08-05,16.67903709411621,17.389342604816278,16.573805842763537,17.257804795070932,8041500.0,-0.024114952549497803,16.831622695922853,16.992100524902344,0.016708948052061072,0
2020-08-06,17.775188446044922,17.98564927792907,16.70534379322465,16.70534379322465,11881200.0,0.06572030182218347,17.03155975341797,16.99736156463623,0.03373733711984015,1
2020-08-07,17.897960662841797,18.152268600965307,17.669960961536216,17.705038610626783,7286400.0,0.006906943190478021,17.27709846496582,17.056115341186523,0.032433800160986515,1
2020-08-10,18.39780616760254,18.45042264327861,17.96811498514789,18.04703802606756,4454700.0,0.027927511640947866,17.568236541748046,17.223607063293457,0.03298723836617149,1
2020-08-11,18.073347091674805,18.78365281988983,18.06457767866048,18.6082679047924,5286200.0,-0.01763574814148694,17.764667892456053,17.334099578857423,0.03656424822054352,0
2020-08-12,17.889188766479492,18.37149633893544,17.880419355424568,18.266265078870497,8296900.0,-0.010189497510405321,18.006698226928712,17.419160461425783,0.03355495105124364,0
2020-08-13,18.18734359741211,18.301344278219005,17.76642186657344,17.76642186657344,5698300.0,0.01666676084783103,18.08912925720215,17.56034450531006,0.018762781300541306,1
2020-08-14,18.011962890625,18.10842308868701,17.775193756792362,18.09965367566419,4585400.0,-0.009643008383701801,18.11192970275879,17.694514083862305,0.019719304491587233,0
2020-08-17,18.108423233032227,18.275038736604927,17.941807729459526,18.011963034201315,5439000.0,0.00535534871979082,18.054053115844727,17.811144828796387,0.013843564244775869,1
2020-08-18,17.748884201049805,18.21365302121409,17.634885185398996,18.11719115771345,6967800.0,-0.01985479505065768,17.989160537719727,17.87691421508789,0.01444883417872775,0
2020-08-19,17.89023780822754,18.09343516656785,17.76655275273039,17.79305573028978,3552900.0,0.007964084140532846,17.989370346069336,17.998034286499024,0.014637623658288303,1
2020-08-20,17.510347366333008,17.837231489469673,17.501512478131193,17.784222160258782,5580900.0,-0.0212345104613324,17.853971099853517,17.97155017852783,0.013695497383802373,0
2020-08-21,17.483840942382812,17.740045909430954,17.404328649313527,17.589856209753666,4430200.0,-0.0015137577453865347,17.748346710205077,17.930138206481935,0.013856487450014231,0
2020-08-24,17.863733291625977,17.899072842104072,17.501511324638074,17.519181099877123,4113800.0,0.02172819751078059,17.699408721923827,17.876730918884277,0.01836853512447906,1
2020-08-25,17.678207397460938,18.013924733695497,17.581025309435002,18.013924733695497,3347600.0,-0.01038561711241004,17.685273361206054,17.837216949462892,0.016539567829552525,0
2020-08-26,17.351320266723633,17.572187384925645,17.271807969364318,17.572187384925645,3582100.0,-0.01849096593268018,17.577489852905273,17.783430099487305,0.017293968219140737,0
2020-08-27,17.457340240478516,17.598695085738854,17.324820283682282,17.39549770631245,3315600.0,0.006110196349623509,17.566888427734376,17.710429763793947,0.015493667305648846,1
2020-08-28,17.625200271606445,17.651703252698724,17.324820795287298,17.536853069439157,2492900.0,0.009615441345337983,17.595160293579102,17.67175350189209,0.01610099990503498,1
2020-08-31,17.731218338012695,17.78422599356652,17.56335879616211,17.65170601214047,4348200.0,0.0060151410918740655,17.568657302856444,17.634033012390137,0.012304125908597302,1
2020-09-01,17.669370651245117,17.71354340384023,17.43966863056903,17.53685070837728,3018800.0,-0.0034880675195898547,17.56688995361328,17.626081657409667,0.011402239003145392,0
2020-09-02,18.066932678222656,18.15527818592283,17.56335418488593,17.651701377668648,3410400.0,0.022500067196763673,17.710012435913086,17.64375114440918,0.009383962148588122,1
2020-09-03,17.801895141601562,18.331976733564595,17.63403560571197,18.190621867052176,3829400.0,-0.014669758355858709,17.778923416137694,17.672905921936035,0.013986398267087558,0
2020-09-04,17.554523468017578,17.934413586137868,17.315986519250608,17.872571047957422,3613600.0,-0.01389580556543657,17.76478805541992,17.679974174499513,0.015495101613785133,0
2020-09-08,17.1127872467041,17.6163640709475,17.05977791830183,17.5191819872926,3899600.0,-0.025163669188643656,17.641101837158203,17.604879570007324,0.01815811009578295,0
2020-09-09,17.25414276123047,17.430835474242322,17.13045600853124,17.298315518212767,6291200.0,0.008260227424588207,17.558056259155272,17.562473106384278,0.01943241765371413,1
2020-09-10,17.1834659576416,17.466175656704703,17.13929151398629,17.192299161289938,3673300.0,-0.004096222256122495,17.381362915039062,17.545687675476074,0.01260132432788964,0
2020-09-11,17.1834659576416,17.28064636351784,17.015606441916866,17.1834659576416,2795600.0,0.0,17.25767707824707,17.518300247192382,0.012920674263610408,0
2020-09-14,17.26297378540039,17.54568341100214,17.15695683325859,17.289476759624126,4468800.0,0.004626995971289016,17.199367141723634,17.482077598571777,0.013095961980926532,1
2020-09-15,16.79473876953125,17.36899303897231,16.662218812749877,17.298315616350067,4827300.0,-0.027123659091988883,17.135757446289062,17.388429641723633,0.013918468832952932,0
2020-09-16,17.439666748046875,17.466171407792398,16.803570079895106,16.803570079895106,7213100.0,0.03840059600603274,17.172862243652343,17.36545925140381,0.02356163395536395,1
2020-09-17,17.042110443115234,17.30715035437417,16.90075391401679,17.289480577601534,4768800.0,-0.022796095285259055,17.14459114074707,17.262977027893065,0.026181431051513094,0
2020-09-18,16.72406578063965,17.042115109299395,16.64455344847471,16.997940655272696,10942000.0,-0.018662281501882427,17.05271110534668,17.155194091796876,0.02724446979828793,0
2020-09-21,16.697555541992188,17.006769876768118,16.494358176455812,16.565035594254663,6933700.0,-0.0015851551288532661,16.93962745666504,17.069497299194335,0.026827834297824153,0
2020-09-22,16.706392288208008,16.88308669490123,16.600376992258273,16.644549751390205,3106400.0,0.0005292239450018776,16.92195816040039,17.028857803344728,0.02419688386068047,1
2020-09-23,16.662220001220703,16.900755266408172,16.644550223034134,16.72406253979089,5520600.0,-0.0026440350630628773,16.766468811035157,16.96966552734375,0.010838256757604569,0
2020-09-24,16.697555541992188,16.909587795388738,16.432515646517135,16.626878124193336,4206800.0,0.0021206982484263115,16.697557830810545,16.92107448577881,0.008375824778229526,1
2020-09-25,16.777070999145508,16.794740778185044,16.494361274844405,16.56503870591968,3570800.0,0.004762101671310415,16.708158874511717,16.8804349899292,0.0029551904986070024,1
2020-09-28,16.803573608398438,17.050943744304835,16.777068943087322,16.936093564788674,3074200.0,0.0015796922629867094,16.72936248779297,16.834494972229002,0.002687135531261611,1
2020-09-29,16.78590202331543,17.015604042686487,16.591539553885685,16.883084100571548,2858400.0,-0.0010516563616072006,16.74526443481445,16.833611297607423,0.0028819622507399,0
2020-09-30,17.095117568969727,17.2188026324551,16.838910868798475,16.909588288659062,5278800.0,0.018421145627133928,16.83184394836426,16.799156379699706,0.0076918257787890795,1
2020-10-01,17.139291763305664,17.20996918909956,16.95376415250272,17.174631318743987,3313600.0,0.0025840240149106464,16.92019119262695,16.80887451171875,0.007648630124061888,1
2020-10-02,17.607528686523438,17.651701440530836,16.87424984845582,16.962597041553163,5795600.0,0.027319502444099975,17.08628273010254,16.897220802307128,0.01243638807416275,1
2020-10-05,17.83723258972168,17.881405348372834,17.413166355290045,17.687042851191933,3382600.0,0.013045777592516794,17.293014526367188,17.011188507080078,0.011575814536892683,1
2020-10-06,18.17294692993164,18.384979169524897,17.748882450745132,17.925576826280736,5278900.0,0.01882098798237397,17.57042350769043,17.15784397125244,0.00909202352224544,1
2020-10-07,18.24362564086914,18.482162559285523,18.08460102859155,18.287800080436565,3957600.0,0.003889226728609918,17.800125122070312,17.315984535217286,0.010372390024128278,1
2020-10-08,18.83554458618164,18.87088412833399,18.270125392400946,18.34963767716162,4644100.0,0.03244524728607079,18.139375686645508,17.52978343963623,0.011333080336866348,1
2020-10-09,18.87972450256348,19.02991423020972,18.738367977941184,18.897392593693983,5488000.0,0.0023455608718767618,18.393814849853516,17.740048789978026,0.01227164926121509,1
2020-10-12,19.091753005981445,19.277280564472758,18.74719917793973,18.906223762407866,5879700.0,0.011230487149808566,18.64471893310547,17.968866729736327,0.012337657275268797,1
2020-10-13,18.393814086914062,19.074085243232314,18.349641335499093,18.897390867407523,5772200.0,-0.03655708927560075,18.688892364501953,18.12965793609619,0.02500101796143271,0
2020-10-14,18.3673152923584,18.60585056342945,18.20829065492247,18.42032294314276,2740100.0,-0.0014406362068493106,18.713630294799806,18.25687770843506,0.025049651910338092,0
2020-10-15,18.48216438293457,18.544006919348444,18.190619793352923,18.190619793352923,2190000.0,0.006252905704948297,18.64295425415039,18.39116497039795,0.018994734025134644,1
2020-10-16,18.42032241821289,18.658859367569114,18.243628007189884,18.499834734664965,2424100.0,-0.003346034773869966,18.551073837280274,18.472444343566895,0.018715310594284655,0
2020-10-19,18.376144409179688,18.561673673281927,18.31430188283976,18.31430188283976,3288300.0,-0.002398329846252989,18.407952117919923,18.526335525512696,0.016684237951876013,0
2020-10-20,18.853221893310547,19.40980642403239,18.384982883119022,18.482164977801723,5832000.0,0.025961783577002073,18.49983367919922,18.594363021850587,0.012317054668865663,1
2020-10-21,19.021080017089844,19.2772850409413,18.738368642895495,18.77370819657579,5477800.0,0.008903418457025358,18.630586624145508,18.672108459472657,0.011822346327893765,1
2020-10-22,19.498151779174805,19.559994311709985,18.941567301275573,19.038747701652586,3892600.0,0.0250812131412268,18.833784103393555,18.738369178771972,0.014245418537540779,1
2020-10-23,19.63950538635254,19.86920741067674,19.44514291273169,19.71901769035255,3794400.0,0.007249590052361254,19.077620697021484,18.81434726715088,0.012256764605399597,1
2020-10-26,19.551158905029297,19.604168233010316,19.22427647455931,19.303788781448244,4626300.0,-0.0044984066342441675,19.312623596191408,18.860287857055663,0.012932002587137,0
2020-10-27,19.727855682373047,19.84270587006653,19.52465828910153,19.630673587728936,5187200.0,0.009037662585735351,19.487550354003908,18.993692016601564,0.010532894019290319,1
2020-10-28,18.817880630493164,19.674846256616966,18.773707874233903,19.241946841962196,4814800.0,-0.04612640453837824,19.44691047668457,19.03874855041504,0.02689817849527032,0
2020-10-29,18.976905822753903,19.144765334761555,18.4556591947428,18.738368887545565,4505000.0,0.008450749336939012,19.34266128540039,19.088222694396972,0.023555819583997575,1
2020-10-30,18.667694091796875,19.03875103709693,18.55284389483675,18.985743383506325,4946600.0,-0.01629410683939181,19.14829902648926,19.11295986175537,0.02279143643179601,0
2020-11-02,18.96807098388672,19.04758329583104,18.605848978399354,18.923898226176625,5072500.0,0.01609073357495383,19.03168144226074,19.172152519226074,0.025684550086164343,1
2020-11-03,19.25078010559082,19.59533229356649,19.14476314040004,19.25078010559082,3983200.0,0.014904474047163774,18.936266326904295,19.2119083404541,0.026646047085555086,1
2020-11-04,19.047584533691406,19.61300564260566,18.985741994845192,19.22427894618013,4028800.0,-0.01055518637607844,18.982207107543946,19.214558792114257,0.01498036137407902,0
2020-11-05,20.02823257446289,20.4699668600178,19.30378861576605,19.30378861576605,6296000.0,0.0514841154287522,19.192472457885742,19.267566871643066,0.02687768139327502,1
2020-11-06,20.19609642028809,20.240269184314972,19.833874363002188,20.063574758041543,4481400.0,0.008381360921444259,19.498152923583984,19.32322597503662,0.022491852839291025,1
2020-11-09,20.96470642089844,21.556630364111392,20.74383930305901,21.20324331258479,9153600.0,0.03805735448154435,19.897480010986328,19.464580726623534,0.024550262951522798,1
2020-11-10,21.29159164428711,21.32692950880318,20.991212213029392,21.114897266459344,4763500.0,0.015592167942920288,20.305642318725585,19.620954322814942,0.024513295623366616,1
2020-11-11,21.265087127685547,21.71565627765707,21.17673993816677,21.309261564986176,5034700.0,-0.0012448349115634638,20.749142837524413,19.86567497253418,0.021754143047121293,0
2020-11-12,20.708505630493164,21.08839741965538,20.416961043358885,21.08839741965538,3982400.0,-0.02617348773839523,20.88519744873047,20.038834953308104,0.023498512426069113,0
2020-11-13,21.42411422729492,21.44178400427336,20.80568551371107,20.841025067667942,4789200.0,0.03455626444372806,21.130801010131837,20.31447696685791,0.026613865074108463,1
2020-11-16,22.166221618652344,22.183891390536274,21.73332231798917,21.750992089873105,8801700.0,0.034638883245495355,21.371104049682618,20.63429203033447,0.02581406665536812,1
2020-11-17,22.23690795898437,22.431270472582906,21.75100083244662,21.8393463572114,8909300.0,0.003188921483693319,21.56016731262207,20.93290481567383,0.025915122357924043,1
2020-11-18,21.10817527770996,22.370222035805718,21.099287421539223,22.35244632346424,6138300.0,-0.05075942587685034,21.528784942626952,21.138963890075683,0.037621766451139675,0
2020-11-19,20.82376480102539,21.1348328987234,20.574909983830032,20.983742776709207,6246600.0,-0.013473948976769456,21.5518367767334,21.218517112731934,0.03587804592584382,0
2020-11-20,20.85042762756348,20.992631597645044,20.690451339693272,20.75266462306249,3871500.0,0.0012804037498914678,21.43709945678711,21.28395023345947,0.03099787374076394,1
2020-11-23,21.312589645385746,21.330365356694088,20.92153416771298,20.93930818383619,5901900.0,0.02216558941032476,21.266373062133788,21.318738555908205,0.027287633564706735,1
2020-11-24,21.650320053100582,21.774746634265757,21.23259933887176,21.588106762518,7894200.0,0.01584652139107634,21.14905548095703,21.35461139678955,0.029059087828593788,1
2020-11-25,21.783632278442383,21.95249811801678,21.579216717222504,21.70364328575897,3383500.0,0.006157517533913248,21.284146881103517,21.406465911865233,0.013775280150374538,1
2020-11-27,21.39257431030273,21.952497236605197,21.365912443935333,21.854732539431957,2954200.0,-0.01795191743695801,21.397908782958986,21.47487277984619,0.015435528237396598,0
2020-11-30,20.610464096069336,21.445902108142125,20.51269938809242,21.357026950183087,9171000.0,-0.03655989236679791,21.349916076660158,21.393507766723634,0.024585796419454173,0
2020-12-01,20.290504455566406,20.98374175125696,20.290504455566406,20.77932451721464,7136900.0,-0.015524135653206872,21.14549903869629,21.20593605041504,0.02078166445856445,0
2020-12-02,20.37938690185547,20.406048773714947,19.90834072184474,20.210521034276507,5911600.0,0.004380494653728473,20.891312408447266,21.020183944702147,0.01767058856010512,1
2020-12-03,20.254961013793945,20.574915353478623,20.219409589837205,20.343836183315403,5976400.0,-0.006105477493544953,20.585578155517577,20.934862518310545,0.01521869968284761,0
2020-12-04,20.317174911499023,20.619355243328783,20.210522331659305,20.299399198994863,3553000.0,0.003071538753528502,20.370498275756837,20.88420352935791,0.01679781415581821,1
2020-12-07,20.566022872924805,20.93930426460693,20.09497847771545,20.228292897205176,5138700.0,0.012248157655272207,20.36161003112793,20.855763053894044,0.010679086559272431,1
2020-12-08,19.997217178344727,20.530476642137607,19.95277959602245,20.459375493310898,4182900.0,-0.02765754458675196,20.302952575683594,20.724225807189942,0.015340342519152688,0
2020-12-09,19.75724601745605,20.17496666240224,19.552830469393104,20.094977674867213,15465200.0,-0.01200022776911902,20.17852439880371,20.53491840362549,0.015168320783359852,0
2020-12-10,19.375080108642575,19.837238405812336,19.250653526783427,19.677260403316264,6702200.0,-0.01934307587584949,20.002548217773438,20.29406318664551,0.01628605948937033,0
2020-12-11,19.330642700195312,19.53505828512308,19.1973282619896,19.29509127924176,4718800.0,-0.0022935341788569152,19.805241775512695,20.087870025634764,0.015469898640959207,0
2020-12-14,19.23287773132324,19.59727131531337,19.197328006028734,19.55283373489898,5438800.0,-0.005057512592226754,19.53861274719238,19.950111389160156,0.010409415953540429,0
2020-12-15,19.766136169433597,19.8105754427785,19.197327032098364,19.339529316432174,4828800.0,0.02772639880312222,19.492396545410156,19.897674560546875,0.017983970512464757,1
2020-12-16,19.437292098999023,19.828347494623817,19.312863841132245,19.792797774651007,4051900.0,-0.01663674011024463,19.42840576171875,19.80346508026123,0.018720495252636384,0
2020-12-17,19.44618034362793,19.792799897857755,19.428406329327267,19.552832905356716,4020700.0,0.0004572779265565874,19.44262580871582,19.722587013244627,0.01637880527933858,1
2020-12-18,19.437292098999023,19.579494369259816,19.286201974948835,19.472841818971837,11279100.0,-0.00045706891902908,19.463955688476563,19.63459873199463,0.016311444595549927,0
2020-12-21,18.70850944519043,19.250656836827478,18.637408286876173,19.20621924857556,5876900.0,-0.037494042384953685,19.35908203125,19.448847389221193,0.02404329144166181,0
2020-12-22,18.50408935546875,18.779606065460417,18.415212505256463,18.70850492432757,4981400.0,-0.010926583452335437,19.10667266845703,19.299534606933594,0.01545886350186306,0
2020-12-23,19.10845375061035,19.215106331378998,18.681846817906305,18.681846817906305,4264400.0,0.03266112606416849,19.040904998779297,19.234655380249023,0.025212544308820948,1
2020-12-24,19.17955017089844,19.18843802503364,18.850706348635217,19.081785470596024,1011200.0,0.0037206788794106327,18.9875789642334,19.21510238647461,0.025371073622154294,1
2020-12-28,19.028459548950195,19.357303362710493,19.028459548950195,19.268426518841373,2874600.0,-0.00787769372075775,18.905812454223632,19.184884071350098,0.025438703754757135,0
2020-12-29,18.93069648742676,19.25954032961026,18.832933476387023,19.152887768711977,3866400.0,-0.005137728635990824,18.950249862670898,19.15466594696045,0.017730534583296556,0
2020-12-30,19.037351608276367,19.15289034419979,18.8151602971131,18.877373593009185,1767000.0,0.005633977646857469,19.05690231323242,19.081787490844725,0.01606692601578568,1
2020-12-31,19.23287773132324,19.27731700692267,18.88625985757288,19.01957429400109,1938100.0,0.010270657761128232,19.081787109375,19.06134605407715,0.007595849951180675,1
2021-01-04,18.966249465942383,19.321755206199228,18.824047169839645,19.259541913552415,3968000.0,-0.013863149815933062,19.03912696838379,19.013352966308595,0.009921994432353023,0
2021-01-05,19.17066192626953,19.232875208763883,18.84181980588945,19.0284596533725,3793500.0,0.010777695437055756,19.067567443847658,18.986689949035643,0.010725775847089185,1
2021-01-06,19.508394241333008,19.721697657736893,19.392853831290363,19.4817306785882,4349800.0,0.017617144173863064,19.183106994628908,19.0666784286499,0.01194428259874723,1
2021-01-07,18.55741500854492,19.57060840073649,18.548528849084285,19.51728127286302,6661000.0,-0.048747181394008465,19.08711967468262,19.07201099395752,0.027321294358967282,0
2021-01-08,18.406326293945312,18.628517591719746,18.237462128169994,18.61074357623845,7833500.0,-0.00814168969816298,18.92180938720703,19.001798248291017,0.02599258574146021,0
2021-01-11,18.47743225097656,18.54853341044106,18.281902791060183,18.326342075216346,3489900.0,0.003863125965263281,18.824045944213864,18.931586456298827,0.026280623725922783,1
2021-01-12,18.39743995666504,18.64629312285798,18.23746195257812,18.44187753771805,4201900.0,-0.004329188884310109,18.669401550292967,18.868484497070312,0.024853499774841574,0
2021-01-13,18.50408935546875,18.61074191476048,18.264122368451048,18.326337350229096,3229100.0,0.005796969527006146,18.468540573120116,18.82582378387451,0.022238483193369254,1
2021-01-14,18.5307559967041,18.610745005661364,18.29078896983231,18.50409242865661,3707000.0,0.0014411215122818177,18.463208770751955,18.775164222717287,0.005815049916022065,1
2021-01-15,19.07290267944336,19.126229818410504,18.664071451807004,18.93070036590156,5414300.0,0.029256587418003077,18.596524047851563,18.759166717529297,0.012900416518047785,1
2021-01-19,19.277315139770508,19.366191987175934,19.00179674329518,19.197326146624103,4188600.0,0.010717427953295333,18.75650062561035,18.79027328491211,0.01282035305163732,1
2021-01-20,19.090675354003903,19.31286664544767,18.912923337959903,19.08178749892395,3790900.0,-0.009681835069529687,18.895147705078124,18.782274627685545,0.014304951355373954,0
2021-01-21,19.277315139770508,19.34841627865788,18.91292159107461,19.12622500773673,3683100.0,0.009776489427727908,19.049792861938478,18.759166717529297,0.01429679266961091,1
2021-01-22,19.05512237548828,19.188436788556068,18.91292010885801,19.16177322786861,2867100.0,-0.011526126053924779,19.154666137695312,18.80893745422363,0.016808071476540544,0
2021-01-25,19.25953865051269,19.42840448421908,18.886257262689785,18.96624625259361,3758700.0,0.010727628560778024,19.19199333190918,18.89425868988037,0.011533214620654205,1
2021-01-26,19.508394241333008,19.60615724769425,19.144000693078265,19.3128648382408,3550800.0,0.012921160539517418,19.23820915222168,18.997354888916014,0.011982853301366106,1
2021-01-27,18.53964233398437,19.40174395467553,18.344112908023963,19.215104079187935,5307100.0,-0.0496582084288677,19.128002548217772,19.011575126647948,0.02656263521580798,0
2021-01-28,19.17955017089844,19.41062929285924,18.59296535945364,18.66406649735044,4579500.0,0.03451565167150372,19.10844955444336,19.07912120819092,0.031899584280619134,1
2021-01-29,18.744060516357425,19.26843218467201,18.512981332423426,19.028465144219176,4984300.0,-0.022705936826495243,19.046237182617187,19.10045166015625,0.033221000604226815,0
2021-02-01,18.877370834350582,19.197326818127944,18.75294426074158,18.921810107200177,3126400.0,0.007112136555300852,18.969803619384766,19.080898475646972,0.03288955028851436,1
2021-02-02,19.10845375061035,19.348420785950854,18.912925996917316,19.04624045148917,3703200.0,0.012241265920319488,18.889815521240234,19.064012336730958,0.03280565820302601,1
2021-02-03,18.79738426208496,19.108452431400604,18.646294105285083,19.064014848006288,3410500.0,-0.016279155424360536,18.941363906860353,19.034683227539062,0.023065262258292172,0
2021-02-04,19.04623413085937,19.064009837619363,18.601851632967872,18.75294175005837,4175000.0,0.013238537091373459,18.91470069885254,19.011575126647948,0.01694170837227138,1
2021-02-05,19.019575119018555,19.22399071008781,18.895148532312938,19.22399071008781,2425100.0,-0.0013996998912043646,18.969803619384766,19.008020401000977,0.012228859173802729,0
2021-02-08,18.690731048583984,19.046236756875903,18.610742052320184,18.96624776061211,3873200.0,-0.01728976953358663,18.932475662231447,18.951139640808105,0.014773338310276449,0
2021-02-09,18.912921905517575,18.96624733677347,18.61074163642603,18.75294391656501,4505400.0,0.011887756362018997,18.89336929321289,18.89159240722656,0.014689362731429947,1
2021-02-10,19.07290267944336,19.161779549203303,18.90403849160328,19.02846509215603,2561000.0,0.008458807936975177,18.948472976684567,18.94491844177246,0.012694963246660532,1
2021-02-11,18.88625907897949,19.188439359857963,18.824045790890096,19.090674652754647,2229500.0,-0.009785799445463206,18.916477966308594,18.915589332580563,0.012209752009488366,0
2021-02-12,19.00180053710937,19.05512767331061,18.752947348911093,18.815160645960663,3053900.0,0.006117752470020887,18.912923049926757,18.941363334655758,0.012697641058286578,1
2021-02-16,19.144004821777344,19.250655705387757,18.895149934711,19.01068867448648,5351200.0,0.007483726838951599,19.00357780456543,18.968026733398435,0.008445447115384312,1
2021-02-17,19.27831649780273,19.35890411373886,18.51721218500117,19.233544651243044,7048200.0,0.007015860958862641,19.07665672302246,18.985013008117672,0.007673740273305779,1
2021-02-18,19.520076751708984,19.78870269526004,19.19772801046745,19.25145251602917,4636000.0,0.012540527277566493,19.166091537475587,19.057282257080075,0.008462141416497251,1
2021-02-19,19.18877220153809,19.618571629519938,19.179817833304572,19.50216825822652,3970800.0,-0.016972502433520886,19.226594161987304,19.07153606414795,0.011571439216589388,0
2021-02-22,18.50825500488281,19.10818399470228,18.060546854506228,18.96491752321145,7743700.0,-0.035464342872376875,19.12788505554199,19.020404052734374,0.02048950932635161,0
2021-02-23,18.60675048828125,18.75001695317956,18.45452965584292,18.508254153212043,4276100.0,0.005321705550980216,19.020434188842774,19.0120059967041,0.02017855406451774,1
2021-02-24,18.63361549377441,18.9828290640203,18.36499124700494,18.52616647821515,4136300.0,0.001443831125164996,18.891493988037105,18.984075355529786,0.01945459934252598,1
2021-02-25,17.684473037719727,19.2066815266466,17.48748205415849,18.62465952872851,9452500.0,-0.05093710645536276,18.524373245239257,18.84523239135742,0.024000741100579072,0
2021-02-26,17.40689468383789,17.77401525833525,17.29048959951169,17.48748229364182,10415200.0,-0.01569616201114843,18.167997741699217,18.697295951843262,0.024038730403681263,0
2021-03-01,17.550161361694336,17.935190677742078,17.523298255503374,17.729243612687124,4653700.0,0.008230455831359063,17.976379013061525,18.552132034301756,0.024524591045077353,1
2021-03-02,17.523300170898438,17.648657931082816,17.469575660515332,17.630750899536043,4403600.0,-0.0015305381097251436,17.759688949584962,18.390061569213866,0.023605725646924765,0
2021-03-03,17.415847778320312,17.585975646240946,17.353167202492063,17.424800438424715,4212900.0,-0.006131972375647332,17.51613540649414,18.203814697265624,0.022780018478012205,0
2021-03-04,17.79192352294922,18.275447461056647,17.514343226389162,17.67551844171535,4702800.0,0.021593881010894878,17.53762550354004,18.030999374389648,0.0142477039485277,1
2021-03-05,18.49930000305176,18.624657734343074,17.953095531789298,18.01577610530596,4830400.0,0.03975829140621712,17.756106567382812,17.962052154541016,0.018627139281221932,1
2021-03-08,18.63361549377441,18.839562571360407,18.445578862610045,18.839562571360407,5234000.0,0.007260571518948877,17.972797393798828,17.974588203430176,0.01868616314294149,1
2021-03-09,18.71419906616211,18.848511160528613,18.436620510088545,18.588841339136167,7772000.0,0.0043246342833800355,18.210977172851564,17.985333061218263,0.01777248173684569,1
2021-03-10,19.09027671813965,19.251451937855503,18.69629303748658,18.705247406123146,8416700.0,0.020095845440563975,18.54586296081543,18.030999183654785,0.014064517910131899,1
2021-03-11,19.06341361999512,19.55589189598805,18.97387164948612,19.09027501563809,5218700.0,-0.001407161275928659,18.80016098022461,18.168893241882323,0.01640931075075013,0
2021-03-12,19.672298431396484,19.770794785611496,19.01864484475633,19.117141198971343,6914100.0,0.03193996749683481,19.034760665893554,18.395433616638183,0.013447027356333945,1
2021-03-15,20.20954704284668,20.227455779998596,19.67229688338748,19.74393012412396,4398600.0,0.02730990551631529,19.349946975708008,18.661372184753418,0.014466093958340817,1
2021-03-16,20.0931453704834,20.182687355962653,19.815565044710585,20.075236631813283,6174500.0,-0.005759736827178563,19.625736236572266,18.918356704711915,0.017051640072979688,0
2021-03-17,19.9409236907959,20.18268652932644,19.896151845954364,20.075235809578004,4349300.0,-0.007575801442770258,19.795865631103517,19.170864295959472,0.019120422351996354,0
2021-03-18,19.645435333251957,20.003601534158086,19.62752659623885,19.94987703098996,3531900.0,-0.014818188070211069,19.912269973754885,19.356215476989746,0.02169530150130504,0
2021-03-19,19.93196678161621,20.173729589335508,19.493213005313244,19.69915834172404,9138800.0,0.014585141204749519,19.96420364379883,19.49948215484619,0.0175423668557953,1
2021-03-22,19.66334342956543,20.039418387895047,19.511124280306333,19.8245186556883,4076800.0,-0.013477011826978358,19.85496292114258,19.602454948425294,0.011813227355801294,0
2021-03-23,19.591711044311523,19.81556515532358,19.430537518994765,19.60961978308161,4970900.0,-0.003642940251259663,19.754676055908202,19.690206146240236,0.011835430419549615,0
2021-03-24,19.47530174255371,19.86033096980376,19.45739300922329,19.52007186800896,3659000.0,-0.005941762896284231,19.661551666259765,19.72870864868164,0.01176840328575589,0
2021-03-25,19.96778106689453,20.06627739783048,19.28726624111992,19.56484479172832,3481100.0,0.025287378385760784,19.72602081298828,19.81914539337158,0.01601454516208769,1
2021-03-26,19.672298431396484,20.111052278916777,19.484261800118347,19.985694524731358,3745500.0,-0.01479797051600995,19.674087142944337,19.81914539337158,0.01625595478282074,0
2021-03-29,20.281179428100582,20.460263376323415,19.600662815873367,19.600662815873367,4403400.0,0.030951187469397956,19.797654342651366,19.82630863189697,0.020383960786047317,1
2021-03-30,20.415489196777344,20.42444356394989,19.914056590211093,20.18268248177477,3533100.0,0.006622384519248792,19.96240997314453,19.85854301452637,0.01962605781955296,1
2021-03-31,20.281179428100582,20.47817211271992,20.102097187748857,20.308042532695342,3533100.0,-0.006578817062976028,20.123585510253903,19.892568588256836,0.019744347931019812,0
2021-04-01,20.281179428100582,20.32595126909185,20.111049848076004,20.281179428100582,1886500.0,0.0,20.186265182495113,19.9561429977417,0.017404206264469698,0
2021-04-05,20.54085350036621,20.648302516175335,20.32595376087664,20.361769530189243,2374300.0,0.012803696806007014,20.35997619628906,20.0170316696167,0.014364771086902714,1
2021-04-06,20.80947494506836,20.827383681248307,20.4154912884649,20.46026312891477,3248600.0,0.013077423715492698,20.465635299682617,20.131644821166994,0.008480456713152706,1
2021-04-07,20.916927337646484,20.97065184263893,20.78261351335853,20.90797296883587,3693600.0,0.005163628244430507,20.565922927856445,20.26416645050049,0.008443654284591031,1
2021-04-08,20.800521850585938,21.024375942928543,20.684118474031106,20.988560176246743,5406400.0,-0.0055651332139514675,20.669791412353515,20.39668846130371,0.00810470951877807,0
2021-04-09,20.80947494506836,20.96169578685576,20.710978603949723,20.827383681248307,5558500.0,0.0004304264357757326,20.77545051574707,20.480857849121094,0.00803907082668124,1
2021-04-12,20.899019241333008,21.07810320729817,20.77366148988016,20.836340365606585,6640000.0,0.0043030540895925284,20.84708366394043,20.603529930114746,0.0068325851657159665,1
2021-04-13,21.1855525970459,21.257185843130625,20.621440997612584,20.80052325888875,7432400.0,0.013710373314849145,20.922299194335938,20.693967247009276,0.007056988940554724,1
2021-04-14,21.230321884155277,21.43626895277869,21.04228526117404,21.167643009828197,7981300.0,0.0021131989314087107,20.984978103637694,20.77545051574707,0.00702069556481229,1
2021-04-15,21.534767150878903,21.579539002699587,21.19450961639932,21.239279760348484,5350800.0,0.014340115443602475,21.13182716369629,20.900809288024902,0.00658061411682614,1
2021-04-16,21.543716430664062,21.758616145009984,21.364634189311356,21.678028538646373,7555400.0,0.0004155735570512409,21.27867546081543,21.02706298828125,0.0065843118152985785,1
2021-04-19,21.29300117492676,21.57057976205627,21.20345919937401,21.55267102537149,5962100.0,-0.011637511872392037,21.35747184753418,21.102277755737305,0.010746223373586506,0
2021-04-20,21.69593620300293,21.77652380538417,21.23031932432709,21.310906926708338,5103500.0,0.018923355367614247,21.459548568725587,21.19092388153076,0.012115197820559176,1
2021-04-21,21.749666213989254,21.81234509172181,21.56162787292028,21.74071184461728,5157100.0,0.0024765011513487867,21.563417434692383,21.27419776916504,0.01209589740814643,1
2021-04-22,21.642213821411133,21.86606791484407,21.63325945272927,21.75861719853293,6085500.0,-0.004940415706656154,21.584906768798827,21.35836696624756,0.011388066573792122,0
2021-04-23,21.606395721435547,21.776525305725286,21.436267845016957,21.6422131951265,7151200.0,-0.0016550109092883236,21.597442626953125,21.438059043884277,0.011454246083916137,0
2021-04-26,21.48103904724121,21.695938776457755,21.43626891077281,21.669077377725205,4934600.0,-0.005801831819176151,21.635050201416014,21.496261024475096,0.010109711949312315,0
2021-04-27,21.319862365722656,21.5168550516062,21.212413362396287,21.47208321032761,8512500.0,-0.007503206952144792,21.55983543395996,21.509692001342774,0.003953488570329745,0
2021-04-28,21.436267852783203,21.436267852783203,21.140780526210364,21.266138268431828,9395300.0,0.005459954903259678,21.49715576171875,21.530286598205567,0.005128634672772904,1
2021-04-29,21.946651458740234,22.170505510696536,21.45417151971385,21.489988987804875,11206200.0,0.023809350091264392,21.55804328918457,21.5714750289917,0.012732279154975231,1
2021-04-30,21.92874336242676,22.000376592821176,21.67802620211082,21.9735151988426,4514700.0,-0.0008159830827559889,21.622512817382812,21.60997772216797,0.012663208107638805,0
2021-05-03,21.86606788635254,22.12573774630337,21.81234338220257,21.95560986518328,2949600.0,-0.0028581426230566143,21.699518585205077,21.667284393310545,0.012210295747036769,0
2021-05-04,21.991426467895508,22.054105343098115,21.740710967085075,21.86606871749029,3088700.0,0.005733018949475088,21.83383140563965,21.696833419799805,0.010513174737727173,1
2021-05-05,21.740711212158203,21.964565316331644,21.54371850744796,21.95561094722015,8980300.0,-0.011400590866777804,21.89472007751465,21.6959379196167,0.013197521966380299,0
2021-05-06,21.830249786376957,22.09887571517479,21.355680215548396,21.758616546938427,4955300.0,0.0041184749360305695,21.871439743041993,21.714741516113282,0.006767222672240341,1
2021-05-07,21.92874336242676,22.143643053610017,21.4541721436444,21.75861379978841,4627800.0,0.004511793360755245,21.871439743041996,21.7469762802124,0.007216749380291047,1
2021-05-10,21.93769836425781,22.21527692658128,21.892928234417923,22.089919196732808,4913300.0,0.0004083682171405201,21.885765838623048,21.792642211914064,0.007036565973780058,1
2021-05-11,21.45417213439941,21.875018857172343,21.30195301426393,21.875018857172343,6200500.0,-0.022040882403880024,21.778314971923827,21.80607318878174,0.011555941768499974,0
2021-05-12,21.17659568786621,21.67802835031713,21.15868695152519,21.606395112824146,9466200.0,-0.01293811034955461,21.66549186706543,21.780105972290038,0.011790882705739863,0
2021-05-13,21.91083526611328,21.946652736289305,21.11391534127757,21.11391534127757,9506800.0,0.03467221970280021,21.681608963012696,21.776524353027344,0.02163113721506814,1
2021-05-14,22.4033203125,22.57344821079009,21.91084023316343,22.072015469750987,12058500.0,0.022476781026617543,21.77652435302734,21.82398204803467,0.0237632797152131,1
2021-05-17,22.41227531433105,22.58240321742051,22.18842119228254,22.295870214457835,7228800.0,0.00039971761801993466,21.871439743041993,21.87860279083252,0.023763653825186176,1
2021-05-18,22.11678504943848,22.39436364627705,22.10783068078289,22.376454908965865,10316200.0,-0.01318430461648068,22.003962326049805,21.891138648986818,0.02151294004433935,0
2021-05-19,22.062707901000977,22.07172065152748,21.603067938187657,22.03567136842786,5121500.0,-0.002445072749797217,22.181184768676758,21.923338317871092,0.01959519276458481,0
2021-05-20,22.260984420776367,22.351108485786565,21.97258156812214,22.06270735213869,4258600.0,0.008986953037002143,22.251214599609376,21.966411781311034,0.013353145880078156,1
2021-05-21,22.26999282836914,22.39616959872954,22.14381777701489,22.31505657457148,2684100.0,0.0004046724719131145,22.224549102783204,22.000536727905274,0.007969890198255438,1
2021-05-24,22.558399200439453,22.720623555302968,22.351109373268752,22.468273412844333,3446100.0,0.012950447460536196,22.253773880004882,22.062606811523438,0.010240060871971416,1
2021-05-25,22.477283477783203,22.53135825627653,22.30604467371376,22.53135825627653,3531800.0,-0.0035958102317238394,22.325873565673827,22.164917945861816,0.007321298503284593,0
2021-05-26,22.63050079345703,22.657537327992237,22.34209963170477,22.5133367471161,3707700.0,0.006816540612003763,22.43943214416504,22.3103084564209,0.006658582211049091,1
2021-05-27,22.603458404541016,22.81074648675063,22.56740912542057,22.729633459971875,10274900.0,-0.0011949531812320835,22.50792694091797,22.379570770263673,0.006733989162575185,0
2021-05-28,22.80173110961914,22.846794852084447,22.666543320235235,22.70259431420748,3939100.0,0.00877178622534558,22.61427459716797,22.419411849975585,0.0069405999210470064,1
2021-06-01,22.63050079345703,22.891863701667575,22.522349498296677,22.882850950487004,4702300.0,-0.007509531418422588,22.628694915771483,22.441234397888184,0.00692816813912609,0
2021-06-02,22.612476348876957,22.7566769364986,22.5133378002596,22.63050185208131,4806400.0,-0.0007964668897334493,22.655733489990233,22.490803527832032,0.0066040435815669755,0
2021-06-03,22.88285255432129,23.04507864892882,22.351112230444,22.504325573239267,5022100.0,0.01195694807029657,22.706203842163085,22.572817993164062,0.007955431385634072,1
2021-06-04,22.89185905456543,23.009023077121785,22.828771528114856,22.90087180391639,4283100.0,0.0003935916740607226,22.763883972167967,22.635905456542968,0.007814146239832226,1
2021-06-07,23.054086685180664,23.063099435149432,22.846798592917843,22.963960904499263,3389700.0,0.0070866953281751854,22.814355087280273,22.71431484222412,0.007509848658359551,1
2021-06-08,22.94593620300293,23.198288053890597,22.891861420314985,23.1171750203555,5474700.0,-0.0046911631614213745,22.877442169189454,22.75306854248047,0.006653342158251976,0
2021-06-09,23.225326538085938,23.3965636381526,22.936925402177486,23.027049467894106,5567700.0,0.0121760268402753,23.00001220703125,22.827872848510744,0.007393367524720449,1
2021-06-10,23.38755226135254,23.468665294504547,23.2163134448087,23.2163134448087,4101400.0,0.006984862968474337,23.1009521484375,22.903577995300292,0.0065777370224802375,1
2021-06-11,23.56780433654785,23.58582983873109,23.288415928733603,23.35150346736845,4538400.0,0.007707180006741199,23.236141204833984,23.000012588500976,0.006272980676006708,1
2021-06-14,23.414587020874023,23.594838574014886,23.270386465963817,23.585825824457224,6064700.0,-0.006501128127418543,23.308241271972655,23.061298179626466,0.00823969411162622,0
2021-06-15,23.423603057861328,23.55879088218706,23.36051552110975,23.486690594612902,5147400.0,0.0003850606879918228,23.403774642944335,23.140608406066896,0.007292605537445427,1
2021-06-16,23.00902557373047,23.495702058446444,22.792724722856,23.396563523834924,7250800.0,-0.01769913378000665,23.360514450073243,23.180263328552247,0.01057372694819585,0
2021-06-17,22.837785720825195,23.26137465305449,22.78371094030803,23.2163126224579,7436700.0,-0.007442290520150441,23.250561141967772,23.175756645202636,0.009480732441707293,0
2021-06-18,22.19789695739746,22.837788528372588,22.161847672289756,22.59444940762121,16591000.0,-0.02801886186558955,22.976579666137695,23.10636043548584,0.011106072261485429,0
2021-06-21,22.477283477783203,22.54938375544304,22.1798696175606,22.30604467371376,4390300.0,0.012586170704456556,22.78911895751953,23.048680114746094,0.015726026079502957,1
2021-06-22,22.342098236083984,22.513335340798825,22.251972448914568,22.39617302078307,5162100.0,-0.006014305146475385,22.572817993164062,22.9882963180542,0.01511779594917305,0
2021-06-23,22.260984420776367,22.387159486995724,21.963570536826204,22.288020952676884,5208500.0,-0.003630537044932214,22.423209762573244,22.89186210632324,0.014462891119330442,0
2021-06-24,22.08974266052246,22.30604348194544,21.981591390307912,22.30604348194544,4206400.0,-0.007692461259443895,22.273601150512697,22.762081146240234,0.014467380807599765,0
2021-06-25,22.306047439575195,22.387160476875984,22.08073382907444,22.08974657977524,5853700.0,0.009792091396306768,22.29523124694824,22.635905456542968,0.009457022786677314,1
2021-06-28,22.19789695739746,22.44123607814884,22.11678563615349,22.39617404201258,3234100.0,-0.0048484825682677535,22.239353942871094,22.514236450195312,0.007021373257870025,0
2021-06-29,22.07172203063965,22.324073904130323,21.981596238749656,22.197897107881733,5513000.0,-0.005684093722930994,22.185278701782227,22.379048347473145,0.0069812425946670495,0
2021-06-30,22.09875869750977,22.25197201702211,21.83739409169197,22.11678419839507,8231600.0,0.0012249459662725393,22.152833557128908,22.288021659851076,0.0071060741286173065,1
2021-07-01,22.28802299499512,22.42321082390443,21.89147225939533,22.152835166085804,3951200.0,0.008564476406843546,22.192489624023438,22.233045387268067,0.007248721498068024,1
2021-07-02,22.45024871826172,22.45926146924574,22.107772775901275,22.315060891514342,5173700.0,0.007278605343463029,22.22132987976074,22.258280563354493,0.006616326852732152,1
2021-07-06,22.432222366333008,22.44123511697553,21.999620649530176,22.34209829792056,6799000.0,-0.000802946646824787,22.268194961547852,22.253774452209473,0.005881985859630302,0
2021-07-07,22.54037094116211,22.576420220385447,22.215918833121016,22.36011938802679,5929800.0,0.004821126193515823,22.361924743652345,22.273601722717284,0.0039620448707426955,1
2021-07-08,22.765687942504883,22.792726195238213,22.224934920883538,22.25197317361687,12780600.0,0.009996153210207748,22.495310592651368,22.324072074890136,0.004238111954387102,1
2021-07-09,22.9549503326416,22.991001335937423,22.7206239682381,22.87383729423245,9652000.0,0.00831349312240004,22.628696060180665,22.41059284210205,0.004201046589419066,1
2021-07-12,22.72062110900879,22.891859915101858,22.648520830496903,22.846797885659264,4972300.0,-0.01020822176642222,22.68277053833008,22.45205020904541,0.00818162665445418,0
2021-07-13,22.242956161499023,22.67555780831761,22.233943412314535,22.63049578140131,3991600.0,-0.021023410637324935,22.644917297363282,22.456556129455567,0.013466136277516957,0
2021-07-14,22.324071884155277,22.47728520080293,22.134807566411062,22.25197160096852,3627200.0,0.003646804951072946,22.601657485961915,22.48179111480713,0.013335312358034302,1
2021-07-15,22.819759368896484,22.85581036723264,22.23394439798369,22.23394439798369,4640600.0,0.02220416988950058,22.612471771240234,22.5538911819458,0.016732526679373187,1
2021-07-16,23.06309700012207,23.16223552030509,22.82877068269337,22.864821678762144,4508500.0,0.010663461752241643,22.634101104736327,22.631398582458495,0.017034110967501032,1
2021-07-19,22.414196014404297,22.990998237347902,22.152831432754088,22.882846961042866,5600000.0,-0.028135899775920792,22.57281608581543,22.627793312072754,0.021340500507332553,0
2021-07-20,22.74766159057617,22.79272534344764,22.396172913210748,22.4592604482244,4873200.0,0.014877427499856433,22.67375717163086,22.65933723449707,0.019524551808737287,1
2021-07-21,22.684572219848636,23.03606086877038,22.63049743978519,22.864823778735115,2836800.0,-0.002773444227501143,22.74585723876953,22.673757362365723,0.019816060495705157,0
2021-07-22,22.558399200439453,22.783712809924044,22.50432269647853,22.648523269028157,3448400.0,-0.005562062982117144,22.693585205078126,22.65302848815918,0.016892375614989533,0
2021-07-23,22.693588256835938,22.720624791280738,22.477287386244964,22.648524501083745,3064600.0,0.005992847949682911,22.619683456420898,22.626892280578613,0.01611544607063027,1
2021-07-26,22.846799850463867,22.90988738471146,22.711612031503822,22.711612031503822,3132300.0,0.00675131635834525,22.706204223632813,22.63951015472412,0.008171142420215608,1
2021-07-27,23.153223037719727,23.162235786840636,22.666544899227578,22.738645173188697,3211100.0,0.013412083497971183,22.787316513061523,22.73053684234619,0.0076891361883902574,1
2021-07-28,23.12618827819824,23.243352315434315,22.954949457087423,23.1712503115928,3128600.0,-0.0011676456222723397,22.875639724731446,22.810748481750487,0.007385802913715048,0
2021-07-29,23.261377334594727,23.28841558747338,23.018039934712743,23.20730254784389,3253400.0,0.005845712867603714,23.0162353515625,22.85491027832031,0.005166314962518974,1
2021-07-30,22.94593620300293,23.468665405343017,22.84679938790942,23.243351805302503,6769300.0,-0.013560724588851714,23.066704940795898,22.843194198608398,0.010240144439940792,0
2021-08-02,23.027050018310547,23.225327093241805,22.93692595043969,22.98198798437512,4557400.0,0.0035349969855229535,23.102754974365233,22.904479598999025,0.009985016398740783,1
2021-08-03,23.315452575683597,23.33347635761858,22.87383639765194,23.12618825381197,3852400.0,0.01252451170009694,23.135200881958006,22.961258697509766,0.009727373291138175,1
2021-08-04,23.16224479675293,23.279407142887585,22.7837177814618,23.198294088253288,3747300.0,-0.006571083209015338,23.142412185668945,23.009025955200194,0.010367923400915037,0
2021-08-05,23.64891815185547,23.66694365462904,23.153228858628253,23.27039118864333,6344100.0,0.021011493461582154,23.219920349121093,23.1180778503418,0.013968961838422691,1
2021-08-06,23.865219116210938,24.261771583660416,23.60385620105568,23.675956493409533,4921500.0,0.009146336545568179,23.403776931762696,23.235240936279297,0.01028727304084545,1
2021-08-09,23.91929626464844,23.93732004896417,23.675957126816623,23.82917046704333,3778900.0,0.0022659397416038285,23.582226181030272,23.342490577697752,0.010437354448341398,1
2021-08-10,23.991395950317383,24.07250727519708,23.73904406722606,23.919295657863657,5009700.0,0.003014289587419894,23.71741485595703,23.42630786895752,0.010196536504065374,1
2021-08-11,24.16263198852539,24.18967024161224,23.8471925785381,24.00040590801727,5059600.0,0.007137393695748839,23.917492294311522,23.529952239990234,0.007545980766503432,1
2021-08-12,24.10855484008789,24.180655122251267,23.910279493890197,24.14460584067274,2492700.0,-0.0022380487549196193,24.009419631958007,23.61466999053955,0.004447723633012128,0
2021-08-13,24.243741989135746,24.261767488933632,24.01842839868094,24.216705458445183,2225200.0,0.0056074347858903195,24.08512420654297,23.744450569152836,0.003597536293066874,1
2021-08-16,24.144603729248047,24.51411785789744,24.126578230531937,24.20769125574826,4222600.0,-0.004089230941829225,24.130185699462892,23.856205940246586,0.004883912680211289,0
2021-08-17,24.198680877685547,24.207693627926787,23.70298992845544,24.045467561597164,5068900.0,0.0022397198580648148,24.171642684936522,23.94452877044678,0.004851367604668661,1
2021-08-18,23.93575096130371,24.189615612871236,23.83601984012231,24.189615612871236,4811000.0,-0.010865464845411954,24.126266479492188,24.02187938690186,0.0063004098684818054,0
2021-08-19,23.50055313110352,24.180545985904764,23.464286015444717,23.85414886222056,8494500.0,-0.018181916702917134,24.004666137695313,24.007042884826664,0.009668383594013822,0
2021-08-20,23.881351470947266,23.908551810279107,23.30109139969269,23.455223197283612,5628300.0,0.016203803277283324,23.932188034057617,24.008656120300294,0.0131316834576546,1
2021-08-23,23.736284255981445,24.0173474858148,23.654684974850596,23.94481498362196,4007400.0,-0.006074497716023308,23.850524139404296,23.990354919433592,0.013204980280740911,0
2021-08-24,23.42802047729492,23.8269501004006,23.409886919583016,23.8269501004006,3806600.0,-0.012987027597162637,23.696392059326172,23.934017372131347,0.013352705187666531,0
2021-08-25,23.31922149658203,23.491486840922764,23.292022888583325,23.409887558304064,4962200.0,-0.004643968141411214,23.573086166381835,23.84967632293701,0.013118161566840907,0
2021-08-26,23.00189781188965,23.301094669277195,22.94749712559252,23.27389432612863,3942800.0,-0.01360781639896913,23.473355102539063,23.739010620117188,0.01210105886511617,0
2021-08-27,23.22855758666992,23.31015514146149,22.974692955093005,23.08349084768931,3956200.0,0.00985395973123171,23.342796325683594,23.637492179870605,0.009468353290230835,1
2021-08-30,23.01095962524414,23.23762393164821,22.96562745568789,23.201358541865496,3618200.0,-0.00936769149844452,23.19773139953613,23.524127769470216,0.009632138497342664,0
2021-08-31,22.748031616210938,23.04722845368239,22.52136729299585,22.947495598088057,10819700.0,-0.011426207916368614,23.061733627319335,23.379062843322753,0.009377101742486888,0
2021-09-01,23.128826141357425,23.29202471942284,22.82056254485862,22.82056254485862,5740700.0,0.016739669241321087,23.023654556274415,23.298370361328125,0.013861893297595778,1
2021-09-02,23.36455726623535,23.38269082589656,23.119759398743327,23.13789295840453,4559400.0,0.010192092042942358,23.096186447143555,23.28477077484131,0.012731456992837733,1
2021-09-03,23.518686294555664,23.58215201658308,23.22855629139536,23.36455451421285,6942900.0,0.006596702285604605,23.154212188720702,23.24850425720215,0.012384363064766776,1
2021-09-07,23.391752243041992,23.69094901373284,23.310152966552565,23.573084352865425,7051200.0,-0.005397157388976059,23.230370712280273,23.214051055908204,0.011527003309507126,0
2021-09-08,23.999216079711918,24.17148143635697,23.301091332003576,23.39175567089016,5135400.0,0.025969146319537506,23.48060760498047,23.271170616149902,0.011680815723465635,1
2021-09-09,24.080814361572266,24.207747543468177,23.86321684457957,23.981083247103538,6323200.0,0.0034000394675111067,23.671005249023438,23.347329902648926,0.011512953837027608,1
2021-09-10,23.77255249023437,24.2077492848367,23.727220319425044,24.198682504812545,5470000.0,-0.012801139808204076,23.752604293823243,23.4243953704834,0.014657202505577541,0
2021-09-13,23.718149185180664,24.080811673011485,23.582150968408,23.972013791317814,4736600.0,-0.0022884923727082285,23.79249687194824,23.473354530334472,0.014734425014612812,0
2021-09-14,23.26482391357422,23.890417873846264,23.24669035430572,23.727219299052567,4890200.0,-0.01911301206797733,23.767111206054686,23.49874095916748,0.017433430334027174,0
2021-09-15,22.75709724426269,23.26482481834649,22.70269829365301,23.26482481834649,5948500.0,-0.021823791626262246,23.518687438964843,23.499647521972655,0.010820631192265532,0
2021-09-16,22.33096694946289,22.76616373677949,22.33096694946289,22.70269800698433,7032400.0,-0.01872516034123084,23.16871795654297,23.419861602783204,0.007806453923064146,0
2021-09-17,22.149635314941406,22.476032455049264,22.113368197457717,22.19496748248468,11907700.0,-0.00812018731351205,22.844134521484374,23.29836940765381,0.008387674857998963,0
2021-09-20,22.40349578857422,22.55762756252892,22.05896685642845,22.086167191589094,9682400.0,0.011461158164602692,22.581203842163085,23.186850357055665,0.013739554895333754,1
2021-09-21,22.593894958496094,22.84775956856861,22.48509534580468,22.503228902805112,9581400.0,0.008498636628796907,22.44701805114746,23.107064628601073,0.015260952063998417,1
2021-09-22,22.26749992370605,22.70269668569433,22.22216775629396,22.657362788970897,7099300.0,-0.01444616058406989,22.34909858703613,22.933893013000485,0.013581579425374352,0
2021-09-23,22.48509979248047,22.92936338029317,22.2131033009284,22.28563581396305,9926900.0,0.009772083508250429,22.379925155639647,22.774321556091305,0.011868431020437614,1
2021-09-24,23.03815650939941,23.12882256422561,22.67549401940577,22.738959738990765,10294800.0,0.02459658716319768,22.55762939453125,22.70088195800781,0.01409470285507524,1
2021-09-27,23.04722595214844,23.428022042990836,22.9837602252266,23.183224185454,7895500.0,0.00039367050681038407,22.686375427246094,22.633789634704588,0.014278483239539206,1
2021-09-28,22.621097564697266,23.092557988855344,22.4578989939339,22.938426197502316,9988200.0,-0.018489356954972336,22.69181594848633,22.56941699981689,0.017681353963599024,0
2021-09-29,22.76616477966309,23.05629483162361,22.593899412819702,22.621099753682824,4807600.0,0.0064129167274455945,22.791548919677734,22.570323753356934,0.015658005091719145,1
2021-09-30,22.30376625061035,22.93842521844325,22.285632692563656,22.80242699171557,4725300.0,-0.020310778452495293,22.75528221130371,22.56760368347168,0.018639431409084653,0
2021-10-01,22.575763702392575,22.893094064997385,22.412565131378027,22.838695117762988,6295300.0,0.01219513550877438,22.662803649902344,22.610216522216795,0.014713857589420067,1
2021-10-04,23.110689163208008,23.22855555407006,22.49416206140668,22.49416206140668,6230200.0,0.023694678411199988,22.675496292114257,22.680935859680176,0.01938565850901431,1
2021-10-05,23.09256172180176,23.53682360885576,23.01096242322943,23.083494940925764,5445000.0,-0.000784374766075957,22.769789123535155,22.730802536010742,0.0163895951222156,0
2021-10-06,23.3826904296875,23.40082225973004,22.584831111227988,23.001894329811687,5392000.0,0.012563729887612674,22.89309425354004,22.842321586608886,0.016818539486027368,1
2021-10-07,23.183223724365234,23.61841875401204,23.183223724365234,23.40082123918864,5886000.0,-0.008530528423239758,23.068985748291016,22.912133979797364,0.01259985064237461,0
2021-10-08,23.15602684020996,23.319223691496926,22.992828259611542,23.110692940426254,3119100.0,-0.001173127796143758,23.185038375854493,22.923921012878417,0.012857138212915311,0
2021-10-11,23.15602684020996,23.264824741067937,23.056293989997272,23.174158670811988,3452900.0,0.0,23.194105911254884,22.93480110168457,0.007611619264024558,0
2021-10-12,23.609352111816406,23.627483939845376,23.174155382208145,23.237621103587564,5362700.0,0.019576988519431904,23.297463989257814,23.033626556396484,0.011342041044958324,1
2021-10-13,23.48241806030273,23.672816946621545,23.3917520063086,23.600284449288463,6043000.0,-0.005376430954670108,23.31740951538086,23.10525188446045,0.010980280153121105,0
2021-10-14,24.089881896972656,24.089881896972656,23.51868861310462,23.573087561732198,5033300.0,0.025868879223168717,23.498741149902344,23.28386344909668,0.013965627982231886,1
2021-10-15,24.253080368041992,24.40721216291789,24.017349285919355,24.1896146400304,4665800.0,0.0067745650131163515,23.71815185546875,23.451595115661622,0.013118555863097717,1
2021-10-18,23.7453556060791,24.108018186858583,23.736288825395665,24.08988462549171,3230800.0,-0.020934444378121753,23.836017608642578,23.51506175994873,0.018915919624290414,0
2021-10-19,23.718149185180664,23.953880234598483,23.69094885010167,23.917613121159828,3680900.0,-0.001145757568333572,23.85777702331543,23.57762050628662,0.017162333558194732,0
2021-10-20,24.1442813873291,24.244014236476875,23.863218128917072,23.93575063848506,2440100.0,0.017966503154246416,23.990149688720702,23.653779602050783,0.01812914315250938,1
2021-10-21,24.035484313964844,24.225881509634817,23.99921719327828,24.12615038636976,3389700.0,-0.004506121827314136,23.97927017211914,23.739005661010744,0.014386433095164514,0
2021-10-22,24.062686920166016,24.180551614872225,24.00828623401393,24.080818752905053,5155500.0,0.0011317685903822206,23.941191482543946,23.82967166900635,0.01389901801247291,1
2021-10-25,24.27121353149414,24.352812817410264,23.90855099926214,24.0354824532155,3868000.0,0.008665973672016047,24.046363067626952,23.941190338134767,0.008986125187427892,1
2021-10-26,24.18961906433105,24.41628340829321,24.171485501779276,24.28935192905415,2946000.0,-0.0033617794617979424,24.140657043457033,23.99921703338623,0.009375620360300761,0
2021-10-27,23.854148864746094,24.198679546296173,23.854148864746094,24.18054598846485,3292000.0,-0.013868353970056035,24.08263053894043,24.036390113830567,0.008243365790479617,0
2021-10-28,23.83601951599121,23.93575063581643,23.627487037858984,23.82695273613229,3268400.0,-0.0007600082005724262,24.042737579345705,24.01100387573242,0.008172627083627088,0
2021-10-29,23.609352111816406,23.93574749738359,23.41895321836694,23.808816054624756,3794700.0,-0.009509448673791221,23.95207061767578,23.946631050109865,0.008642888783737564,0
2021-11-01,23.83601951599121,23.89041846583328,23.609355207452587,23.68188771701249,3730100.0,0.009600746479669686,23.865031814575197,23.955697441101073,0.008982491865212364,1
2021-11-02,23.7453556060791,23.908554199757766,23.41895841872177,23.908554199757766,5620500.0,-0.0038036514381641906,23.776179122924805,23.958418083190917,0.008981984669054003,0
2021-11-03,23.83601951599121,23.953884195534265,23.58215486787584,23.618420258000068,3350900.0,0.003818174442874911,23.77255325317383,23.92759189605713,0.007282550851562069,1
2021-11-04,24.026416778564453,24.244014307909552,23.85415141934113,23.97201782855604,3364800.0,0.007987796051497131,23.810632705688477,23.92668514251709,0.008098668507290544,1
2021-11-05,24.18054580688477,24.380009753597687,23.962948302476693,24.21681119296382,3179000.0,0.006414981881851967,23.92487144470215,23.938471031188964,0.005263176589734742,1
2021-11-08,24.0445499420166,24.225880348826298,23.82695241625812,24.09894889112837,2692900.0,-0.005624185076477772,23.966577529907227,23.91580467224121,0.0061272093792266455,0
2021-11-09,24.0445499420166,24.12614923033996,23.94481709421885,24.0445499420166,2569800.0,0.0,24.026416397094728,23.901297760009765,0.005464226451995136,0
2021-11-10,24.09895133972168,24.316548887589335,23.98108664978521,24.035485604424228,3423800.0,0.002262525097632029,24.07900276184082,23.925778007507326,0.005415858629055623,1
2021-11-11,24.27121353149414,24.298412140591942,23.98108350570854,23.9901485558669,5399700.0,0.0071481198224805365,24.127962112426758,23.969297409057617,0.005200581805847347,1
2021-11-12,24.11708068847656,24.289346032273823,23.781616779956767,24.216811799676,3447300.0,-0.00635043825961068,24.115269088745116,24.020070266723632,0.005631593105286953,0
2021-11-15,24.43441200256348,24.44347705268445,24.198680925256944,24.280280210836565,2800600.0,0.013157948849030765,24.19324150085449,24.07990951538086,0.007366624179204109,1
2021-11-16,24.28028106689453,24.461611474000307,24.25308072763853,24.461611474000307,2463000.0,-0.006307945353985933,24.24038772583008,24.1334020614624,0.00851208027365032,0
2021-11-17,24.36240005493164,24.371523017557465,24.12516299839997,24.28940417141106,2253300.0,0.003382126747662584,24.29307746887207,24.186040115356445,0.00853599594705031,1
2021-11-18,24.106914520263672,24.471893951914,24.052168040605924,24.353276289262347,3041700.0,-0.010486878718513282,24.260217666625977,24.194089889526367,0.009564747341459815,0
2021-11-19,24.22553253173828,24.25290664214092,23.778432503983947,24.006544869594887,3468600.0,0.004920497452085781,24.28190803527832,24.198588562011718,0.00941000334179961,1
2021-11-22,24.28940773010254,24.3624036243179,23.95180063163188,24.21641183588718,4272500.0,0.0026366891328630793,24.25290718078613,24.22307434082031,0.006810095534155717,1
2021-11-23,24.28028106689453,24.50839343545879,24.22553284538045,24.4353975471326,2102900.0,-0.00037574663447625944,24.25290718078613,24.246647453308107,0.0061789327694494025,0
2021-11-24,24.426271438598636,24.48101791660456,24.20728378621577,24.28940437340424,2025200.0,0.006012713415544324,24.26568145751953,24.279379463195802,0.006632610552481488,1
2021-11-26,23.933549880981445,24.1342898840873,23.78755810073681,24.09779106884649,3530300.0,-0.020171787530314123,24.231008529663086,24.24561309814453,0.010777532989651832,0
2021-11-29,24.26202964782715,24.32590082727123,23.924422604589584,24.143410251408906,3135700.0,0.01372465716449045,24.23830795288086,24.26010799407959,0.012627806866886332,1
2021-11-30,23.641563415527344,24.10691281051191,23.632438712838344,23.97917045358406,8311300.0,-0.025573550164850745,24.10873908996582,24.180823135375977,0.016928877195428894,0
2021-12-01,23.504695892333984,24.31677527168877,23.495571189824947,23.988294683158667,3412800.0,-0.005789275471666411,23.95362205505371,24.103264617919923,0.016708749207860262,0
2021-12-02,23.92442321777344,24.161660276331208,23.56856850011636,23.61419027507167,3471600.0,0.017857168940285995,23.853252410888675,24.059466934204103,0.019506698498369147,1
2021-12-03,24.59051513671875,24.60876280435406,23.99742155940813,24.05216978339207,5727200.0,0.027841503758822883,23.984645462036134,24.107826995849614,0.021286367864331874,1
2021-12-06,25.29309844970703,25.43909022433824,24.645260167325933,24.709131351182183,5129600.0,0.02857131333288665,24.190859222412108,24.214583587646487,0.02360966462892256,1
2021-12-07,25.439088821411133,25.6033299939034,25.24747528040957,25.32047116369957,3736600.0,0.0057719449435738035,24.550364303588868,24.329551696777347,0.014785866974265517,1
2021-12-08,25.21097755432129,25.47558873036773,25.201854591331397,25.42996695398141,3228000.0,-0.008966959024800047,24.891620635986328,24.42262134552002,0.015919635161523303,0
2021-12-09,25.12886047363281,25.34784814834752,25.055862841701916,25.16535754923893,3878500.0,-0.0032571954225711908,25.132508087158204,24.492880249023436,0.017439809629213276,0
2021-12-10,25.42996597290039,25.502961856517864,25.156230104065504,25.31134657429753,4072100.0,0.011982457365447452,25.30039825439453,24.642521858215332,0.014591495464008643,1
2021-12-13,25.548585891723636,25.66720356046283,25.384344703962206,25.448215890234028,3413100.0,0.004664572455568949,25.35149574279785,24.77117748260498,0.008198805904716779,1
2021-12-14,25.38434219360352,25.667201022131103,25.256599833692825,25.521209256416277,5183600.0,-0.006428680585931157,25.34054641723633,24.9454553604126,0.008615051944813,0
2021-12-15,25.63070297241211,25.67632474482168,25.32047004702168,25.429964737307326,3085400.0,0.009705226037752812,25.424491500854494,25.15805606842041,0.007998633411183249,1
2021-12-16,25.53033828735352,25.88619479942428,25.42997001913408,25.53946299180245,4859500.0,-0.003915799155669641,25.504787063598634,25.318647575378417,0.008138497573445468,0
2021-12-17,24.617883682250977,25.43908777042614,24.40802074400737,25.27484834507836,20978300.0,-0.03574001232700186,25.34237060546875,25.32138442993164,0.017669148176695407,0
2021-12-20,24.636137008666992,24.67263582479305,23.915301053411287,24.325904033032806,5979500.0,0.0007414661086069252,25.15988082885742,25.255688285827638,0.01713724398796568,1
2021-12-21,24.909868240356445,25.083234115859756,24.72737940225325,24.79125058260732,3918900.0,0.011110964011653124,25.06498603820801,25.20276622772217,0.019008998031413017,1
2021-12-22,25.07411193847656,25.110610753989008,24.76387896805803,24.85512426647983,2565000.0,0.006593519344836318,24.953667831420898,25.189079666137694,0.018508025998266873,1
2021-12-23,25.1106071472168,25.22922479987592,25.02848656446853,25.083233039514354,3353500.0,0.0014554935716084572,24.869721603393554,25.187254333496092,0.018686711039183353,1
2021-12-27,25.165355682373047,25.192729792316413,24.964617430532627,25.001114503431246,2132800.0,0.0021802951571530116,24.979216003417967,25.16079330444336,0.00438261642133156,1
2021-12-28,25.411718368530277,25.43909073910299,25.11973481335951,25.128859517003505,2119100.0,0.00978975577642216,25.134332275390626,25.147106552124022,0.004353841934331857,1
2021-12-29,25.50296211242676,25.594205662594824,25.283972719017747,25.48471270624948,2618600.0,0.0035906168395711813,25.25295104980469,25.15896854400635,0.003449459698915373,1
2021-12-30,25.39347076416016,25.60333374179435,25.311350165892968,25.539462552110848,2815300.0,-0.004293279650572468,25.31682281494141,25.135245323181152,0.00504137635961432,0
2021-12-31,25.466463088989254,25.557708378760186,25.247475437754524,25.33872072752545,3039300.0,0.0028744524727244425,25.3879940032959,25.128857803344726,0.005004546196068559,1
2022-01-03,25.201852798461918,25.51208398846549,25.0102375224807,25.475586918024696,5835900.0,-0.010390539495127027,25.395293426513675,25.18725471496582,0.007792564945058086,0
2022-01-04,25.04673767089844,25.384342987031697,25.03761296771116,25.24747591994094,8767900.0,-0.0061549096728691355,25.322297286987304,25.228314781188963,0.0060023550175144725,0
2022-01-05,24.99199104309082,25.19273104527423,24.763878669961887,25.01936515439564,6831100.0,-0.002185778783926451,25.220103073120118,25.236527061462404,0.004901878104427697,0
2022-01-06,25.22922706604004,25.283973546003352,24.86424763235258,25.11973410611341,5521500.0,0.009492481913112805,25.187254333496092,25.25203857421875,0.007760359146697417,1
2022-01-07,25.23835182189941,25.50296299959748,25.101484751526964,25.23835182189941,5208400.0,0.00036167401543796274,25.141632080078125,25.264813041687013,0.007501689682928927,1
2022-01-10,25.26572799682617,25.475590971237825,25.101486802813795,25.35697329798409,8316300.0,0.00108470533733529,25.154407119750978,25.274850273132323,0.005760317877889753,1
2022-01-11,25.00111389160156,25.320471538355356,24.81862505085594,25.247475653985276,3063200.0,-0.01047324285521678,25.145282363891603,25.23378982543945,0.007163959468892727,0
2022-01-12,25.019363403320312,25.128858100516883,24.86424693083468,24.973741628031256,2423000.0,0.0007299479454347946,25.1507568359375,25.185429954528807,0.007094899061264153,1
2022-01-13,25.13797950744629,25.220100090171314,24.45364247831045,24.56313716873017,5675900.0,0.004740972110834463,25.13250732421875,25.15988082885742,0.005733168920129074,1
2022-01-14,25.19272994995117,25.22922702307816,24.74562992690048,25.16535583983652,3099700.0,0.0021779969423820766,25.1233829498291,25.132507514953613,0.005873956437164205,1
2022-01-18,24.946372985839844,25.183610098125524,24.7547576588416,25.028493591644867,4735800.0,-0.009778891156327463,25.059511947631833,25.106959533691406,0.007094022546775516,0
2022-01-19,24.955493927001957,25.356972190343843,24.92811981574252,25.01024040916153,3527200.0,0.0003656219349918999,25.050387954711915,25.09783515930176,0.005542813255317917,1
2022-01-20,24.827749252319336,25.083235730541197,24.745630401120103,24.964618065156305,7282800.0,-0.005118899872560756,25.012065124511718,25.08141098022461,0.005864977660162629,0
2022-01-21,24.946372985839844,25.40259780015241,24.846002969776023,24.882501790293613,5908600.0,0.004777869001130863,24.97374382019043,25.05312557220459,0.0058748437540853665,1
2022-01-24,24.78212547302246,25.001113119368625,24.22553078416818,24.773000770213148,6962700.0,-0.006584023774142023,24.891622924804686,25.007502937316893,0.005804152897848554,0
2022-01-25,24.89161872863769,25.092356957770612,24.335024071932263,24.52663759878292,4461900.0,0.004418235059556297,24.88067207336426,24.970092010498046,0.0052706278591940535,1
2022-01-26,24.909868240356445,25.3387205776352,24.72737940225325,25.010238232546644,4228200.0,0.0007331588964825109,24.871546936035156,24.960967445373534,0.005287004958301655,1
2022-01-27,24.97374153137207,25.46646331595168,24.82774802222197,25.2018538876528,4395500.0,0.0025641761891033177,24.900745391845703,24.956405258178712,0.004632129256080041,1
2022-01-28,25.420841217041016,25.42996592001912,24.827747705978325,24.90986829242211,4280100.0,0.017902791422234277,24.995639038085937,24.984691429138184,0.008916717855507066,1
2022-01-31,25.87706756591797,25.886192269475117,25.128859277824585,25.17448105525106,3659500.0,0.017946941447835263,25.21462745666504,25.053125190734864,0.008509536491730649,1
2022-02-01,25.62157440185547,25.93180728041109,25.37521269117445,25.76756613995708,4490600.0,-0.009873343005797341,25.360618591308594,25.120645332336426,0.011997998553492902,0
2022-02-02,25.8405704498291,26.004811643932488,25.53946217409268,25.63070747530116,6498300.0,0.008547329861110065,25.546759033203124,25.20915298461914,0.011668493826977502,1
2022-02-03,25.68545150756836,26.023058567698943,25.667202100997148,25.81319561320763,4469100.0,-0.006002922519141474,25.689101028442384,25.29492321014404,0.013100479972311516,0
2022-02-04,25.448213577270508,25.648953562004653,25.10148356601202,25.512084757737146,4661700.0,-0.009236276427842749,25.69457550048828,25.34510726928711,0.012385419886063655,0
2022-02-07,25.62157440185547,25.703694972082477,25.34784032800465,25.393462093526853,2828700.0,0.006812298398021888,25.64347686767578,25.42905216217041,0.008934024502535932,1
2022-02-08,25.72195243835449,25.904441298012983,25.612457730271924,25.76757421817928,2144200.0,0.003917715395809207,25.663552474975585,25.51208553314209,0.00795134123319391,1
2022-02-09,25.776695251464844,25.96830878787328,25.731073478136864,25.89531290633305,2813000.0,0.0021282526371804167,25.650777435302736,25.59876823425293,0.00682816731940491,1
2022-02-10,25.201852798461918,25.749321037587475,25.119732214521264,25.539458096565404,5685000.0,-0.02230085926046932,25.554057693481447,25.621579360961913,0.012032689405682119,0
2022-02-11,25.00111389160156,25.45733860400436,24.81862505085594,25.338720944537663,5032800.0,-0.00796524400271914,25.464637756347656,25.57960662841797,0.011900128589819049,0
2022-02-14,24.55401611328125,25.183606760902627,24.2802819571116,25.083236758139407,3886500.0,-0.01788311433877754,25.251126098632813,25.4473014831543,0.0116824702288156,0
2022-02-15,24.5357608795166,24.9828608232898,24.38976913217674,24.800372009294424,3953100.0,-0.0007434724193560172,25.013887786865233,25.33872013092041,0.010586298975407736,0
2022-02-16,24.68268394470215,24.728597727546557,24.37965998365601,24.48066855448197,4993300.0,0.005988119378364409,24.795085525512697,25.222931480407716,0.011713550942695663,1
2022-02-17,24.618408203125,24.73778229583129,24.26028942786984,24.63677371760779,7949100.0,-0.0026040823486274123,24.67839660644531,25.11622714996338,0.008926395161398915,0
2022-02-18,24.43475914001465,24.8112434425013,24.306202285713702,24.50821944900151,14096300.0,-0.007459826874064102,24.56512565612793,25.014881706237794,0.008882099759785851,0
2022-02-22,24.97652816772461,25.35301244898993,24.489852553474208,25.252003873039584,6208300.0,0.022172063354729543,24.6496280670166,24.95037708282471,0.011513221085586868,1
2022-02-23,24.32456588745117,25.215272282783005,24.31538313062114,25.10508270368617,4061100.0,-0.026102998619156548,24.607389068603517,24.810638427734375,0.01773720127643738,0
2022-02-24,24.379663467407227,24.48067205266689,23.8746240439729,24.08582222094129,6657000.0,0.0022651002369782347,24.546784973144533,24.670935249328615,0.017414150074265135,1
2022-02-25,25.14181327819824,25.224456342505437,24.563313579479768,24.66432215839564,5303300.0,0.03126170350176971,24.65146598815918,24.664931297302246,0.02298390667771322,1
2022-02-28,25.114267349243164,25.325465517921813,24.86633815048202,24.88470366552327,6521300.0,-0.0010956222071285548,24.787367630004884,24.676246643066406,0.02232789340598774,0
2022-03-01,24.68268394470215,25.2703681050884,24.47148579791309,25.059169958299336,5494400.0,-0.01718478976668303,24.72859878540039,24.689113426208497,0.02200417873209688,0
2022-03-02,25.45401954650879,25.5642108806757,24.68268546163593,24.774511281536384,4961200.0,0.03125007003025693,24.954489517211915,24.780939292907714,0.0213490331002576,1
2022-03-03,25.9315128326416,26.04170416860936,25.51829926348422,25.53666302661896,4753400.0,0.01875905238700515,25.26485939025879,24.90582218170166,0.02126453600913243,1
2022-03-04,26.62019920349121,26.62938195916616,25.757039435793267,25.812135969842952,5433500.0,0.026557894068668375,25.560536575317382,25.10600128173828,0.020315279932555795,1
2022-03-07,26.38145637512207,26.675297590700467,26.07843240262787,26.546742496742866,5326400.0,-0.00896848391494498,25.813974380493164,25.300671005249022,0.02180156113141356,0
2022-03-08,26.206987380981445,26.629383660425123,26.170256355935035,26.54674060550237,4404800.0,-0.006613319282295249,26.118835067749025,25.423716926574706,0.018802400833442777,0
2022-03-09,26.060068130493164,26.537561004275293,26.023338852511703,26.445735182173827,3795400.0,-0.005606109864993547,26.240044784545898,25.597267150878906,0.016555813909328615,0
2022-03-10,26.353910446166992,26.38145696609967,25.913146861493946,26.01415543839866,3712100.0,0.011275577416085092,26.324524307250975,25.794691848754884,0.01526960726303924,1
2022-03-11,26.124343872070312,26.565105656377646,26.105978359866263,26.32635925201993,2567800.0,-0.008710911216216477,26.225353240966797,25.89294490814209,0.00850370094465084,0
2022-03-14,26.08761405944824,26.519193107700666,25.949876214383146,26.307994961838737,3480800.0,-0.0014059611526298088,26.166584777832032,25.990279579162596,0.007995184226616249,0
2022-03-15,26.519195556640625,26.583474858276546,26.23453708369481,26.40900597098568,5337400.0,0.01654354040231132,26.22902641296387,26.173930740356447,0.010964137502454905,1
2022-03-16,26.510011672973636,26.62020124666725,26.04170160619652,26.519192677921687,5853200.0,-0.00034631079390679,26.319015121459962,26.27952995300293,0.010229348875910352,0
2022-03-17,26.70284652709961,26.86813265284068,26.372274275617468,26.546743158503247,4502100.0,0.0072740388237009235,26.388802337646485,26.356663322448732,0.009603502266806724,1
2022-03-18,26.6752986907959,26.91404512615725,26.48246604190704,26.72121247726839,10395800.0,-0.0010316441835425127,26.4989933013916,26.3621732711792,0.0077665681104190625,0
2022-03-21,27.060964584350582,27.1895214295516,26.76712336920277,26.840583672989727,3829600.0,0.014457791008269272,26.69366340637207,26.43012409210205,0.008132165471921088,1
2022-03-22,27.060964584350582,27.20788519192449,26.950775004386053,27.07933009815527,5292800.0,0.0,26.802017211914062,26.515521812438966,0.0067131873617574216,0
2022-03-23,27.198705673217773,27.373172809603812,26.91404544798012,27.106879850606656,4102800.0,0.0050900287917619025,26.939756011962892,26.629385566711427,0.006242695978015709,1
2022-03-24,27.345623016357425,27.40990055906351,27.143605880502086,27.19870241833446,3152200.0,0.005401629949042697,27.068311309814455,26.728556823730468,0.0061393347594324256,1
2022-03-25,27.92412376403809,27.94248927738016,27.354806861887724,27.391536137140125,3200400.0,0.021155149668179885,27.31807632446289,26.908534812927247,0.008463558058585362,1
2022-03-28,27.896574020385746,27.933305045129572,27.65782936527746,27.9057567765717,3370100.0,-0.0009865929504231374,27.48519821166992,27.089430809020996,0.008882425906631866,0
2022-03-29,28.28223991394043,28.28223991394043,27.832295387063148,27.93330394971595,4047600.0,0.013824847928382011,27.72945327758789,27.265735244750978,0.008644969197098324,1
2022-03-30,28.263877868652344,28.438344985634718,28.15368654348775,28.1720520562538,4332400.0,-0.0006492429646294262,27.942487716674805,27.44112186431885,0.009604582136846371,0
2022-03-31,28.13532257080078,28.54853787349708,27.95167268738271,28.12613981391511,6440300.0,-0.004548395604063393,28.100427627563477,27.584369468688966,0.011123290133506089,0
2022-04-01,28.603633880615234,28.68627694467139,27.97922039727175,28.162872039936964,4214100.0,0.016644959681410443,28.236329650878908,27.777202987670897,0.009647616888064807,1
2022-04-04,28.40161895751953,28.484262022980225,27.933308837052905,28.355705170356984,3435000.0,-0.007062561489175279,28.337338638305663,27.911268424987792,0.010872584046424263,0
2022-04-05,28.49344062805176,28.82401109028846,28.456709603674547,28.456709603674547,5203800.0,0.0032329731157074715,28.37957878112793,28.05451602935791,0.009312491897069345,1
2022-04-06,29.172948837280277,29.22804362245436,28.50262340479529,28.61281297514348,5203900.0,0.023847881977423935,28.561392974853515,28.25194034576416,0.013421280987234468,1
2022-04-07,29.393333435058597,29.531073050713623,28.86074749377793,29.14540598002986,9364500.0,0.007554416216460469,28.812995147705077,28.45671138763428,0.011959690555122799,1
2022-04-08,29.834095001220703,30.017743128200216,29.35660041334255,29.51270377327958,6152500.0,0.014995290246202275,29.059087371826173,28.64770851135254,0.011710832301436477,1
2022-04-11,29.595346450805664,30.045292762989043,29.540249911702567,29.880006648543183,5720700.0,-0.008002540395653734,29.297832870483397,28.817585754394532,0.012026676053233425,0
2022-04-12,29.613712310791016,29.88918800380707,29.31068834790065,29.44842619440869,4824900.0,0.0006205658046909424,29.52188720703125,28.95073299407959,0.01235547994460118,1
2022-04-13,29.6779899597168,29.80654505005048,29.347417725793893,29.659624446402912,3729300.0,0.0021705366841955342,29.622895431518554,29.09214420318604,0.008528508176046726,1
2022-04-14,29.75145530700684,29.96265347920478,29.6779932456177,29.81573285929039,5403500.0,0.0024754151945518554,29.694519805908204,29.253757476806648,0.008216834336573584,1
2022-04-18,29.64126205444336,29.981018832232824,29.540253472012107,29.83409821311388,3255100.0,-0.0037037936943382643,29.655953216552735,29.35752029418946,0.004491339033214333,0
2022-04-19,29.54025077819824,29.87082301678653,29.411695686050248,29.75145243285685,5251600.0,-0.0034077926931582736,29.64493408203125,29.47138347625733,0.002994757705810952,0
2022-04-20,30.072843551635746,30.21058316752164,29.7973678227279,29.889191898075868,4812800.0,0.018029392419057544,29.736760330200195,29.629323768615727,0.008842835060020005,1
2022-04-21,29.622892379760746,30.30240233706388,29.521887314375764,30.11875071323627,8136800.0,-0.014962042784628093,29.725740814208983,29.674318122863774,0.012040434940525651,0
2022-04-22,29.22804832458496,29.66881193118149,29.20968280942845,29.66881193118149,5314900.0,-0.013329017643312735,29.62105941772461,29.657789611816405,0.013148665062760875,0
2022-04-25,29.154586791992188,29.329055675794,28.640364649211516,29.2647781268754,5219100.0,-0.0025133916495881925,29.523724365234376,29.589838790893555,0.013154254760361856,0
2022-04-26,28.732192993164062,29.384153048234403,28.72301023516465,29.182137626543312,4444800.0,-0.01448807358655968,29.36211280822754,29.503523445129396,0.01409033492852193,0
2022-04-27,28.768917083740234,29.264775417662385,28.44752761746829,28.77809984008305,6066000.0,0.0012781513261068689,29.10132751464844,29.419043922424315,0.007614582893997301,1
2022-04-28,28.869930267333984,29.0076681316322,28.677095856170915,28.814833720469128,5835200.0,0.003511191724725693,28.950735092163086,29.338237953186034,0.008327308967497525,1
2022-04-29,28.107778549194336,28.81483337790112,28.061864760686134,28.787286856228143,4372200.0,-0.02639949979380496,28.72668113708496,29.173870277404784,0.012539394632172577,0
2022-05-02,27.749658584594727,28.40162038358318,27.42827081547928,28.162873932646,7280700.0,-0.01274095581665502,28.44569549560547,28.98470993041992,0.012309333229205426,0
2022-05-03,28.04349899291992,28.44752979433113,27.492545830212485,27.81393532107781,5954100.0,0.010588973822125425,28.30795669555664,28.83503475189209,0.01476843087259863,1
2022-05-04,28.77810287475586,28.82401490987973,28.181237660986174,28.282244488545064,6346700.0,0.026195157816127246,28.309793853759764,28.7055606842041,0.020430613840051272,1
2022-05-05,28.410802841186523,28.83319919123484,28.080230566239518,28.71382684274396,5211600.0,-0.01276317744668054,28.217968368530272,28.58435173034668,0.02106393266941659,0
2022-05-06,28.217967987060547,28.548540256814743,27.970038784744894,28.25469901766965,6879600.0,-0.006787377857778387,28.240006256103516,28.48334369659424,0.01707025983719171,0
2022-05-09,27.896574020385746,28.24551174972552,27.74047066808777,28.0251308555575,4673400.0,-0.011389692086339331,28.269389343261718,28.357542419433592,0.01680903585530191,0
2022-05-10,27.988399505615234,28.631178419710565,27.54763772240042,27.951670232729818,6354500.0,0.0032916402265878997,28.25836944580078,28.28316307067871,0.01608796885822582,1
2022-05-11,27.914939880371094,28.62199635260964,27.88739336290185,28.05267772201234,6659000.0,-0.002624645443888407,28.08573684692383,28.197765350341797,0.006578791244104491,0
2022-05-12,27.905759811401367,27.96085635450902,27.373172154717,27.87821329127939,6077300.0,-0.0003288586330140175,27.984728240966795,28.101348304748534,0.0057004359330976,0
2022-05-13,28.49344062805176,28.511804388808724,27.92412201022646,28.1261373900062,3939500.0,0.02105948093233012,28.03982276916504,28.139914512634277,0.011948084757660201,1
2022-05-16,28.43834686279297,28.67709329021568,28.29142625383004,28.54853819523107,4037200.0,-0.0019335595857999932,28.148177337646484,28.2087833404541,0.009865372396110619,0
2022-05-17,28.805646896362305,28.805646896362305,28.217962775185786,28.594447012232568,4379400.0,0.012915660510839588,28.311626815795897,28.28499813079834,0.010628127000516477,1
2022-05-18,28.316320419311523,29.017996648402963,28.251692646798777,28.9349032948938,4447200.0,-0.016987171953169233,28.391902923583984,28.238819885253907,0.01465740822213531,0
2022-05-19,28.30708885192871,28.45480998433348,27.965484393608246,28.1501349286268,3511000.0,-0.0003260157833401278,28.472168731689454,28.228448486328126,0.01465724952731538,0
2022-05-20,28.23322868347168,28.399415400011957,27.91008804141835,28.36248423590308,4105800.0,-0.002609246356747752,28.420126342773436,28.22997455596924,0.010607137826472154,0
2022-05-23,28.473276138305664,28.71332342353092,28.33478779401509,28.58406610934819,4598800.0,0.008502302642223514,28.427112197875978,28.28764476776123,0.011555675867568595,1
2022-05-24,28.90720558166504,28.971833355649466,28.33478664553887,28.500973356341557,2446000.0,0.015239884629068001,28.447423934936523,28.37952537536621,0.012217851638757883,1
2022-05-25,29.396533966064453,29.4057667571004,28.907206607008337,28.907206607008337,4589400.0,0.016927557491402068,28.66346664428711,28.52768478393555,0.008849034600368174,1
2022-05-26,29.52579116821289,29.728909060402145,29.44269780522182,29.50732558510933,4165300.0,0.004397021849502858,28.907207107543947,28.6896879196167,0.008010917531700886,1
2022-05-27,29.93202209472656,29.941256646841115,29.35960313186376,29.405767087562275,3395100.0,0.013758511133514117,29.24696578979492,28.83354606628418,0.0051873212194747075,1
2022-05-31,29.59041786193848,29.858163524187237,29.37806894696697,29.67351122187948,5334600.0,-0.011412668068565335,29.470394134521484,28.94875316619873,0.01177787448588414,0
2022-06-01,29.599655151367188,29.765841886617384,29.193421105308385,29.765841886617384,4849800.0,0.00031217164528762886,29.608884048461913,29.02815399169922,0.011296969864479015,1
2022-06-02,29.63658142089844,29.802768148428328,29.184186957472544,29.65504700417397,6808800.0,0.0012475236397997413,29.65689353942871,29.16018009185791,0.009038067926746001,1
2022-06-03,29.239582061767575,29.701209318653827,29.156488697674565,29.56272272646541,3572300.0,-0.013395585458818138,29.599651718139647,29.253429412841797,0.010984408249666967,0
2022-06-06,29.119558334350582,29.41500061431009,29.045696003385817,29.40576782293949,5118400.0,-0.004104837311403653,29.43715896606445,29.342062377929686,0.006681177072294488,0
2022-06-07,29.60888671875,29.636583334476672,28.94414152668405,28.990303726878537,3922800.0,0.01680411422388195,29.44085273742676,29.455623435974122,0.01095644026386694,1
2022-06-08,28.90720558166504,29.43346232522369,28.87950897051444,29.39653292336463,2541900.0,-0.023698328942594715,29.302362823486327,29.455623435974122,0.015286260072211962,0
2022-06-09,28.260929107666016,28.99030204200417,28.24246352427139,28.897975886006,3171900.0,-0.022356933539398827,29.027232360839843,29.342062950134277,0.016605503961186673,0
2022-06-10,27.80853080749512,28.150135269957666,27.69773907636075,27.92855356866376,3853400.0,-0.016007906125357296,28.74102210998535,29.1703369140625,0.016804504708742056,0
2022-06-13,26.442108154296875,27.448459499868008,26.331318182127955,27.4022973049601,6889200.0,-0.049136815700812186,28.20553207397461,28.82134552001953,0.023624061805423903,0
2022-06-14,25.48192024230957,26.589828746164443,25.02952404978031,26.54366655220272,8627100.0,-0.036312835057792925,27.380138778686522,28.41049575805664,0.013216832091751608,0
2022-06-15,25.96201705932617,26.41441329108896,25.5742486091045,25.712736963974745,5867500.0,0.018840684393143015,26.79110107421875,28.04673194885254,0.025691465415880212,1
2022-06-16,25.33420181274414,25.583480152111267,25.020293929567007,25.56501632914056,5911400.0,-0.024182067408221708,26.205755615234374,27.61649398803711,0.02572859676262162,0
2022-06-17,25.297271728515625,25.60194683277131,24.891037669183014,25.269575112385613,9509900.0,-0.0014577165091476108,25.703503799438476,27.222262954711915,0.02726238696152671,0
2022-06-21,25.620410919189453,25.685038701013397,25.315735832751603,25.435758604571067,3946500.0,0.012773677499363645,25.539164352416993,26.8723482131958,0.023662077086492376,1
2022-06-22,25.66657257080078,25.841992089855285,25.34343366856215,25.38959586574625,3525500.0,0.0018017529756617634,25.576094818115234,26.47811679840088,0.016554361932664838,1
2022-06-23,26.0820369720459,26.15589753727996,25.66657019199508,25.73119972742781,3733700.0,0.016186984066496102,25.60009880065918,26.195599937438963,0.01589088305024769,1
2022-06-24,26.635995864868164,26.783717016261487,26.146668450268397,26.1928324106882,5506800.0,0.021239096218442777,25.860457611083984,26.03310661315918,0.009627054611297425,1
2022-06-27,26.76524543762207,26.866804366825,26.451337620971792,26.53443097014243,2851600.0,0.004852440036769323,26.154052352905275,25.928778076171874,0.008009410747041711,1
2022-06-28,26.857576370239254,27.337670970916143,26.820645203583368,26.93143694257609,3983200.0,0.0034496576103650867,26.401485443115234,25.970324897766112,0.008660130204722349,1
2022-06-29,26.88527488708496,27.09762381355189,26.746784772369608,26.90373870953537,2131200.0,0.001031311108041777,26.64522590637207,26.110660362243653,0.008836537964999742,1
2022-06-30,27.30997085571289,27.4299936177467,26.543666806182102,26.663689568215915,4770800.0,0.015796601314719716,26.89081268310547,26.245455741882324,0.008762461586469457,1
2022-07-01,28.159366607666016,28.24245996148465,27.236108686103197,27.42999200436352,4242400.0,0.031102038022696954,27.19548683166504,26.52797222137451,0.01245964134982166,1
2022-07-05,26.857576370239254,28.06704390262049,26.349785155545405,28.03011449693955,5260600.0,-0.046229386319803334,27.213953018188477,26.684002685546876,0.028990016924845957,0
2022-07-06,27.0883903503418,27.36536705095657,26.75601690082413,26.96836582202712,3453900.0,0.00859399883744949,27.260115814208984,26.83080062866211,0.029187969932262005,1
2022-07-07,27.060691833496094,27.476158643206976,27.04222801160054,27.208412974509983,2866000.0,-0.0010225235419112355,27.29519920349121,26.970212554931642,0.029220480794952475,0
2022-07-08,27.116090774536133,27.23611355094858,26.820646707645786,27.116090774536133,3253600.0,0.0020472108171110115,27.25642318725586,27.073617935180664,0.02818473567110387,1
2022-07-11,27.26380920410156,27.319204190683493,26.9129701801413,27.079156900861964,1791100.0,0.0054476299992380905,27.077311706542968,27.136399269104004,0.022647841429698574,1
2022-07-12,27.18071556091309,27.651577344397133,27.06992382792719,27.06992382792719,3085600.0,-0.0030477635229331224,27.141939544677733,27.177946281433105,0.004721489605389252,0
2022-07-13,26.848344802856445,27.37460162487549,26.79294981132156,26.89450700230635,4276300.0,-0.012228182783186381,27.093930435180663,27.177023124694824,0.0066751374326175054,0
2022-07-14,26.88527488708496,26.940669876386124,26.285155752584995,26.34055250286112,4916800.0,0.0013755069260203978,27.05884704589844,27.177023124694824,0.006825883498137868,1
2022-07-15,27.337671279907227,27.36536789423724,26.663691568618983,27.116089560392243,3708900.0,0.016826920859923433,27.103163146972655,27.17979316711426,0.010718046995561548,1
2022-07-18,27.29150390625,27.59617895258288,27.22687613293314,27.33766785931544,6019800.0,-0.001688782236955122,27.108702087402342,27.093006896972657,0.010564092568236911,0
2022-07-19,27.46692276000977,27.568481693390616,27.337667216415745,27.513084951014857,3932200.0,0.006427599386327643,27.16594352722168,27.153941535949706,0.010674476782126033,1
2022-07-20,27.12531852722168,27.531552529242976,26.86680742127845,27.429993588493943,3302000.0,-0.012436931350950031,27.221338272094727,27.157634353637697,0.010744910945386639,0
2022-07-21,27.06992530822754,27.079158099895825,26.829878007776998,27.032995902529358,2196900.0,-0.0020421223418464196,27.258268356323242,27.15855770111084,0.010910025104325987,0
2022-07-22,27.42076110839844,27.53155107337989,27.171481045728054,27.171481045728054,3040900.0,0.012960353461495044,27.274886322021484,27.18902473449707,0.009603521172673954,1
2022-07-25,27.79006576538086,27.799298556569333,27.300738398240924,27.36536617558538,2658700.0,0.013468067334911016,27.374598693847656,27.241650390625,0.01097700527316745,1
2022-07-26,28.159366607666016,28.1962977697964,27.73466880901499,27.77159821017064,2906100.0,0.01328895172120137,27.513087463378906,27.339515495300294,0.011804753439820112,1
2022-07-27,28.20553207397461,28.44557937276705,28.03011431641374,28.159369876927,4017900.0,0.0016394355367364,27.72913017272949,27.47523422241211,0.007478050338101532,1
2022-07-28,29.082630157470703,29.12879235809253,28.344024381671,28.399419374612208,2451400.0,0.03109666859663318,28.131671142578124,27.694969749450685,0.010556338479300499,1
2022-07-29,29.25804328918457,29.405764412029463,29.03646160491722,29.03646160491722,2768600.0,0.006031542909429977,28.49912757873535,27.887006950378417,0.011240092956328298,1
2022-08-01,29.202646255493164,29.258042996737306,28.9164368029638,29.22111183590788,2988900.0,-0.001893395027954048,28.781643676757813,28.078121185302734,0.0130669606003437,0
2022-08-02,29.267276763916016,29.775067915448503,29.21188002082268,29.544253435483785,4497700.0,0.002213173006905045,29.00322570800781,28.25815658569336,0.01331341219485491,1
2022-08-03,29.25804328918457,29.35960046053125,28.307087020017683,29.26727607948421,4484600.0,-0.00031548800409164635,29.213727951049805,28.471429061889648,0.013566506427615302,0
2022-08-04,28.98106575012207,29.43346192280257,28.94413634876792,29.258044184664552,2326900.0,-0.009466714377474705,29.193415069580077,28.662543106079102,0.005749491577088551,0
2022-08-05,29.05492782592773,29.09185899017866,28.491741658899805,28.861044496534884,2872700.0,0.0025486321463299433,29.15279197692871,28.825959777832033,0.004876902562603185,1
2022-08-08,29.15648651123047,29.470394360714145,28.990299795506782,29.267278242037868,1634700.0,0.00349540311754315,29.143560028076173,28.96260185241699,0.005311887515464208,1
2022-08-09,29.61811828613281,29.65504592939563,29.23958088660342,29.304208664750547,2335600.0,0.015832901358828977,29.21372833251953,29.10847702026367,0.009080966753635612,1
2022-08-10,29.60888671875,29.85816682614038,29.516560557385965,29.81200462594589,2990900.0,-0.00031168649181645414,29.28389701843262,29.24881248474121,0.009080680733133723,0
2022-08-11,29.461162567138672,29.728908231752424,28.84257963821108,29.331907010966447,7321000.0,-0.00498918291033823,29.379916381835937,29.28666572570801,0.007736763339598804,0
2022-08-12,30.005889892578125,30.024355478222983,29.60888860608953,29.627354191734383,2986600.0,0.01848967515107658,29.570108795166014,29.361450386047363,0.010225987711293584,1
2022-08-15,30.18130111694336,30.209001250368477,29.784299916696007,29.91355898813085,1892500.0,0.0058458930894305094,29.775071716308595,29.459315872192384,0.010106464571299378,1
2022-08-16,30.310565948486328,30.39365579870302,30.07051686358173,30.18130685248757,2254400.0,0.004282944298594327,29.913561248779295,29.563644790649413,0.00881238848666847,1
2022-08-17,30.18058967590332,30.421962121106816,29.967070076756418,30.31984328208736,3184700.0,-0.00428815063380561,30.02790184020996,29.655899429321288,0.009524312390643967,0
2022-08-18,30.254863739013672,30.51480006534242,30.10632818948769,30.10632818948769,3072100.0,0.0024609878040140476,30.18664207458496,29.78327922821045,0.008295715431032484,1
2022-08-19,30.31056404113769,30.394115503962748,30.106326345039424,30.29199665591361,2954100.0,0.0018410362910408207,30.247576904296874,29.908842849731446,0.0038657881686075114,1
2022-08-22,29.734983444213867,30.17130811012054,29.549314918253803,30.143458805102277,2557100.0,-0.0189894386703805,30.158313369750978,29.966692543029787,0.0095341738301166,0
2022-08-23,29.62358283996582,29.77211836979532,29.47504731013633,29.73498360199635,1994800.0,-0.00374644917684408,30.020916748046876,29.967238998413087,0.008648855218382812,0
2022-08-24,29.95778465270996,30.013486796943635,29.52146004296092,29.716412235729933,3385000.0,0.011281613522226008,29.976355743408202,30.00212879180908,0.0111929040583957,1
2022-08-25,30.05061912536621,30.10632127165177,29.725698792115523,30.022769822906444,2229000.0,0.0030988430463883,29.93550682067871,30.061074447631835,0.011251824747079682,1
2022-08-26,29.475046157836918,30.171307090699205,29.456478774663307,30.124890403448298,2505300.0,-0.019153447891642417,29.768403244018554,30.007990074157714,0.013481646541122234,0
2022-08-29,29.79068756103516,30.01349263997972,29.14084325059399,29.2986624819478,2256300.0,0.010708767053595247,29.779544067382812,29.968928718566893,0.012564703947168656,1
2022-08-30,29.382213592529297,29.892806050536933,29.242961747866588,29.79996912651743,2318800.0,-0.013711464955918906,29.731270217895506,29.876093482971193,0.014091858398456678,0
2022-08-31,29.27081298828125,29.60501706319856,29.20582714110525,29.372930063905542,4798700.0,-0.0037914299376127225,29.593875885009766,29.785115814208986,0.012135705390680438,0
2022-09-01,29.66071891784668,29.679284531883,29.09442607868219,29.15012646215768,2882500.0,0.013320638880837787,29.51589584350586,29.725701332092285,0.014400199508187704,1
2022-09-02,29.50289726257324,30.134172354969294,29.428629500486466,29.697849474044865,4363800.0,-0.005320897841706751,29.521466064453126,29.64493465423584,0.0114293216926439,0
2022-09-06,29.428630828857425,29.799967885369878,29.28937721931125,29.614299357113648,4015100.0,-0.002517259001882044,29.449054718017578,29.614299392700197,0.009817956942259782,0
2022-09-07,30.32912254333496,30.394110150856736,29.512178985557792,29.54931197878266,3260900.0,0.03059917125313638,29.63843650817871,29.68485336303711,0.015445391581587958,1
2022-09-08,30.356977462768555,30.486945603967367,30.078473797147357,30.25485862572199,2892000.0,0.0009184215400164231,29.85566940307617,29.724772644042968,0.014793914618273075,1
2022-09-09,30.49622917175293,30.58906609288421,30.19915810686572,30.45909794466685,2588900.0,0.004587140111533161,30.022771453857423,29.76933364868164,0.014431244889021809,1
2022-09-12,30.728315353393555,30.849001577003087,30.48694644754084,30.56121244112385,2754400.0,0.007610323897211391,30.267855072021483,29.894660568237306,0.01306710132255456,1
2022-09-13,30.032054901123047,30.616915103838,29.827820759332965,30.31984404181024,3572100.0,-0.02265859498846934,30.38853988647461,29.918797302246094,0.018979256266768454,0
2022-09-14,30.403398513793945,30.542652137274057,30.06919265053509,30.06919265053509,4351900.0,0.012364908558322174,30.403395080566405,30.02091579437256,0.013642876449658895,1
2022-09-15,29.874238967895508,30.24557958499635,29.697852351840936,30.24557958499635,4572500.0,-0.017404618291549157,30.306847381591798,30.081258392333986,0.015812394664023465,0
2022-09-16,29.7442684173584,29.874236560460147,29.549314432022623,29.78140318434927,6438200.0,-0.00435058950545264,30.15645523071289,30.089613342285155,0.015220213067602474,0
2022-09-19,30.134172439575195,30.19915651024819,29.586448799324348,29.61429810350813,3863500.0,0.013108543022334107,30.037626647949217,30.15274085998535,0.016494224571366643,1
2022-09-20,29.69784927368164,30.022771394625305,29.363643461204376,29.92993802065549,3507500.0,-0.014479347882158211,29.970785522460936,30.179662704467773,0.014431428147903033,0
2022-09-21,29.66071891784668,30.180591524528943,29.51218338145653,29.948504527583925,5919100.0,-0.00125027086954288,29.822249603271484,30.112822341918946,0.01210430005944265,0
2022-09-22,29.39149475097656,29.57716504164167,29.09442370245889,29.5400302752354,3861300.0,-0.009076791685859287,29.725700759887694,30.016274070739748,0.010402569093193476,0
2022-09-23,29.298660278320312,31.099655764662185,28.82520261986885,29.122275445890224,4849300.0,-0.003158548874182765,29.63657913208008,29.896517181396483,0.010383527216394687,0
2022-09-26,28.32389640808105,29.30794474766619,28.110376802727497,29.029441068568783,5421900.0,-0.033269912718860484,29.27452392578125,29.656075286865235,0.012850335136083123,0
2022-09-27,27.748321533203125,28.53741769814101,27.60906968543369,28.5095666203138,6819900.0,-0.020321175680959924,28.88461837768555,29.427701950073242,0.013359531212981788,0
2022-09-28,27.98969078063965,28.175361081846777,27.68333602312614,28.09180962337189,4527100.0,0.00869851703093838,28.550412750244142,29.18633117675781,0.01608684544854805,1
2022-09-29,26.7735538482666,27.933988734995623,26.68071870319166,27.887572047799708,4134400.0,-0.043449459370742405,28.02682456970215,28.876262664794922,0.02132406040475431,0
2022-09-30,26.16084289550781,27.06133967941865,26.05872406461168,26.894236781836987,9062400.0,-0.022884931758824445,27.39926109313965,28.517920112609865,0.01957542883185548,0
2022-10-03,26.7735538482666,27.144892657883265,26.43006434269424,26.708569777919077,4452500.0,0.023420917865914825,27.089192581176757,28.181858253479003,0.02671091283385238,1
2022-10-04,27.32128143310547,27.404832893261037,26.773555981278204,26.89424044001221,3585300.0,0.02045778412320587,27.003784561157225,27.944201469421387,0.02922519541327694,1
2022-10-05,26.745702743530277,26.95922410816801,26.44863169617026,26.866388963197227,4766900.0,-0.021067045884522684,26.75498695373535,27.652699851989745,0.02934114293794358,0
2022-10-06,25.381031036376957,26.72713616298768,25.36246365391871,26.64358471260864,7558600.0,-0.05102396150287847,26.476482391357422,27.251653480529786,0.03168540660639224,0
2022-10-07,24.889009475708008,25.408885632511197,24.70334093743541,25.35318347741445,5637800.0,-0.019385404791624428,26.22211570739746,26.810688400268553,0.03137280235543262,0
2022-10-10,24.786890029907227,25.176796224895085,24.721904188506645,24.963274858802286,4483200.0,-0.004102993568323887,25.824782943725587,26.45698776245117,0.026123566319743594,0
2022-10-11,24.694053649902344,25.04682506074132,24.545518132635088,24.703337341066927,4861700.0,-0.0037453823328731373,25.29933738708496,26.151560974121093,0.01924083371561537,0
2022-10-12,23.71928977966309,24.66620512821591,23.70072416609628,24.656921436090894,6904200.0,-0.03947362729744086,24.694054794311523,25.724520874023437,0.02119040579421892,0
2022-10-13,24.1834659576416,24.30415219554172,23.23655229379348,23.450071920006447,7318700.0,0.019569564784207794,24.454541778564455,25.465512084960938,0.021813964732557912,1
2022-10-14,24.02564239501953,24.49910002708424,23.79355542463584,24.39698296417989,5263200.0,-0.006526093608687278,24.281868362426756,25.25199203491211,0.021092557390932205,0
2022-10-17,24.36913108825684,24.74046987451272,24.294863331005654,24.350563706273288,4428300.0,0.014296753759579506,24.19831657409668,25.011549758911134,0.023193333696625,1
2022-10-18,25.02825927734375,25.06539404437444,24.66620415221028,24.7776066826192,6471100.0,0.02704766890127397,24.26515769958496,24.78224754333496,0.026810499377231265,1
2022-10-19,25.065393447875977,25.176795975633773,24.647636182138136,24.694054639821843,6063700.0,0.0014836897013386086,24.534378433227538,24.614216613769532,0.013596009436735576,1
2022-10-20,24.694053649902344,25.102527207728816,24.508383367976755,25.018975757930605,6638100.0,-0.014814840179781852,24.636495971679686,24.54551887512207,0.016642599818800032,0
2022-10-21,25.074678421020508,25.20464656781156,24.61050444455737,24.79617297273271,4455700.0,0.015413620481855128,24.846303176879882,24.56408576965332,0.01595348771273302,1
2022-10-24,25.260347366333008,25.44601766825761,24.953992607635676,25.278914750662118,4027200.0,0.007404639142125635,25.024546432495118,24.611431503295897,0.015642151334400195,1
2022-10-25,25.668819427490234,25.82663864344872,25.2510639292588,25.2510639292588,3556000.0,0.016170484721901968,25.152658462524414,24.708908081054688,0.012687704218987916,1
2022-10-26,25.62240600585937,25.96589378569472,25.57598754190639,25.83592562799306,3132200.0,-0.0018081634709369299,25.264060974121094,24.899219703674316,0.013005735529435644,0
2022-10-27,25.98446083068848,26.235115220699136,25.84520898202144,25.89162567468268,2833500.0,0.014130399180557474,25.52214241027832,25.079319190979003,0.007587279726841021,1
2022-10-28,26.745702743530277,26.754986435095663,26.05872550383946,26.05872550383946,2803400.0,0.029296044193564574,25.856347274780273,25.35132522583008,0.011483391480157786,1
2022-10-31,26.560035705566406,26.81068830907876,26.392932789436028,26.736420543096724,4470200.0,-0.006941939037619194,26.116284942626955,25.570415687561034,0.014609851135532259,0
2022-11-01,26.318662643432617,26.996356168069603,26.077291983147585,26.68071774851864,5735900.0,-0.009087828977699886,26.24625358581543,25.699456024169923,0.016286655630712625,0
2022-11-02,26.095861434936523,26.75498762935244,26.07729405097696,26.24439696524668,4770400.0,-0.008465521653384211,26.340944671630858,25.802502822875976,0.01723871283088904,0
2022-11-03,26.00302505493164,26.24439572293082,25.631686246734105,25.81735476549132,4054300.0,-0.0035575135251367795,26.344657516479494,25.933399963378907,0.01637871475597234,0
2022-11-04,26.439348220825195,26.53218336655518,25.928757575334963,26.040158333664444,4513200.0,0.01677970793674266,26.283386611938475,26.069866943359376,0.010854056564053376,1
2022-11-07,25.910192489624023,26.457917950248746,25.44601849049685,26.457917950248746,4032500.0,-0.02001394765035769,26.15341796875,26.134851455688477,0.013513784419810165,0
2022-11-08,26.13299369812012,26.346513295607995,25.84520633756328,25.975174480263178,3606400.0,0.008598979285287855,26.1162841796875,26.181268882751464,0.014417988096560915,1
2022-11-09,26.170127868652344,26.27224493386824,25.94732458452252,26.0030249628842,5445100.0,0.0014209688702788714,26.131137466430665,26.23604106903076,0.013862268485624192,1
2022-11-10,27.29343032836914,27.441965863898183,26.68072080164102,27.126327408228157,3656400.0,0.04292307876196255,26.389218521118163,26.366938018798827,0.022947092853026138,1
2022-11-11,27.04277610778809,27.414116719485936,26.671437266773506,27.27486310475761,4194600.0,-0.009183683310064472,26.50990409851074,26.39664535522461,0.023929488406272036,0
2022-11-14,27.04277610778809,27.469817102967305,26.96850833958517,27.04277610778809,4992700.0,0.0,26.736420822143554,26.444919395446778,0.020122849551151414,0
2022-11-15,27.04277610778809,27.339848951283017,26.65286988205196,27.21916272127624,3022300.0,0.0,26.918377304077147,26.517330741882326,0.020503046348176412,0
2022-11-16,27.50049591064453,27.68731885937193,27.061458328665157,27.061458328665157,2807500.0,0.016925769789020384,27.184450912475587,26.657794189453124,0.02061444044061239,1
2022-11-17,27.266965866088867,27.29498832844401,26.8372696991524,27.23894162204105,2899100.0,-0.008491848485731257,27.179158020019532,26.784188270568848,0.010521653674467609,0
2022-11-18,27.7153434753418,27.82743867143653,27.425766742828397,27.54720157204605,3843200.0,0.016443986157277823,27.313671493530272,26.91178779602051,0.011238502997207786,1
2022-11-21,27.9301872253418,28.02359958028123,27.54719817361335,27.71534005616584,3138600.0,0.007751798212103811,27.491153717041023,27.113787269592287,0.010910415797077253,1
2022-11-22,28.44395446777344,28.47197692724896,28.023599758715704,28.023599758715704,3761500.0,0.01839469382308634,27.771389389038085,27.344883346557616,0.011255611067174934,1
2022-11-23,28.78024101257324,28.80826525818074,28.359888018617426,28.378569067329654,3541500.0,0.01182277749673677,28.027338409423827,27.60589466094971,0.010712075518305868,1
2022-11-25,28.995086669921875,29.13520431848692,28.854967239664266,28.854967239664266,1060500.0,0.00746504024253225,28.37296257019043,27.77606029510498,0.004964373303446347,1
2022-11-28,28.82694435119629,28.92969634171652,28.51868481625051,28.770895867247937,2786000.0,-0.005798993486024306,28.595282745361327,27.9544771194458,0.008851506876238084,0
2022-11-29,28.565391540527344,28.658803903444664,28.34120293854136,28.64946248898367,2455500.0,-0.009073206215770568,28.722323608398437,28.106738662719728,0.011680742543335277,0
2022-11-30,29.060476303100582,29.125864423729123,28.238449633703585,28.43461577728185,5089800.0,0.01733162879531447,28.845627975463866,28.308508682250977,0.01137159946733717,1
2022-12-01,28.98574447631836,29.443463066224744,28.798919762127277,29.22861589208976,4730100.0,-0.0025715967626535052,28.88672866821289,28.457033538818358,0.0108150790785324,0
2022-12-02,28.64946556091309,28.80826606039207,28.303840315567243,28.67748980730096,3420400.0,-0.011601527629556463,28.81760444641113,28.59528350830078,0.011511984786760134,0
2022-12-05,28.44395446777344,28.602754937673858,28.34120069851655,28.397247399160083,2687400.0,-0.007173295875369856,28.741006469726564,28.668144607543944,0.01163092878923195,0
2022-12-06,28.78957939147949,28.81760363413141,28.359885027638946,28.46263702064413,3748500.0,0.012151085535509365,28.78584403991699,28.754083824157714,0.012524566930015949,1
2022-12-07,28.387908935546875,28.808263688288434,28.378567520853437,28.658804616578696,3493400.0,-0.013951939014832937,28.65133056640625,28.748479270935057,0.010341795692078087,0
2022-12-08,28.35054397583008,28.518685870505788,28.20108490982781,28.397249265821063,3701200.0,-0.001316227968802819,28.524290466308592,28.70550956726074,0.0104191944817129,0
2022-12-09,28.44395446777344,28.658801638317392,28.20108305606147,28.229105515536997,3126500.0,0.003294839493132695,28.483188247680665,28.6503963470459,0.009956939403308886,1
2022-12-12,28.967060089111328,28.97640150248724,28.31317540633711,28.5934124625371,2884400.0,0.018390748794460343,28.587809371948243,28.6644079208374,0.012491553719291214,1
2022-12-13,28.8736515045166,29.40609966457097,28.5653919496592,29.29400625281881,5108700.0,-0.0032246484215993076,28.604623794555664,28.69523391723633,0.011766735576968772,0
2022-12-14,28.91101455688477,29.275320784780032,28.76155550022555,29.0044251310274,3394800.0,0.0012940189557362203,28.70924491882324,28.680287742614745,0.008586086826659227,1
2022-12-15,28.61209297180176,28.892330022753985,28.43461146606031,28.780234846034617,3841500.0,-0.010339366835254271,28.761554718017585,28.642922592163085,0.010610375618586765,0
2022-12-16,28.032943725585938,28.369227523459735,27.64061322196406,28.359886108886283,6188600.0,-0.020241414942506863,28.67935256958008,28.58127040863037,0.014379075487924688,0
2022-12-19,28.004919052124023,28.29449755437955,27.808754694169597,27.97689659052632,2909700.0,-0.00099970498054891,28.486924362182616,28.53736686706543,0.00873342223672332,0
2022-12-20,27.99557876586914,28.117015376661637,27.82743864442927,27.97689771794873,1830200.0,-0.0003335230584847748,28.311309814453125,28.457966804504395,0.009108865874780147,0
2022-12-21,28.518686294555664,28.52802770903128,28.023602017503748,28.10767296609167,1909400.0,0.018685362180269394,28.232844161987305,28.471044540405273,0.014421090191599307,1
2022-12-22,28.31317901611328,28.46263808579819,27.790072272216097,28.443957038357063,2176400.0,-0.007206056980318065,28.17306137084961,28.467308044433594,0.014066914858809617,0
2022-12-23,28.66814422607422,28.677485640179444,28.20108421096832,28.25713091390711,2126300.0,0.012537101883152157,28.300101470947265,28.489727020263672,0.010682395166927731,1
2022-12-27,28.88299369812012,28.96706465004805,28.574734134948585,28.714851794264245,1364800.0,0.007494362744641547,28.475716400146485,28.48132038116455,0.010248432904553462,1
2022-12-28,28.50934600830078,29.097840890012527,28.45329751922903,28.91101793818481,2184800.0,-0.012936598391587784,28.578469848632814,28.44488983154297,0.0133488765690745,0
2022-12-29,28.47197532653809,28.798917661680715,28.41592862904553,28.67748285349811,2984200.0,-0.001310822133619327,28.5691276550293,28.4009859085083,0.010415626028553858,0
2022-12-30,28.01426124572754,28.500004119447684,27.76204839417754,28.443957413000795,2908400.0,-0.01607595102064896,28.50934410095215,28.34120273590088,0.012446583475037867,0
2023-01-03,27.612586975097656,28.154376509205584,27.229597913833047,27.930187920784288,4282600.0,-0.014338206783558904,28.298232650756837,28.29916706085205,0.010160946039627743,0
2023-01-04,27.6966609954834,28.10767434409772,27.58456757966577,27.67797816561622,4386400.0,0.0030447715913601847,28.060966110229494,28.268341255187988,0.008601934681027781,1
2023-01-05,27.07080078125,27.59390933380513,26.996071242555374,27.49115554996524,3062100.0,-0.022596955435727817,27.773257064819337,28.175863456726074,0.010721032524330683,0
2023-01-06,28.01426124572754,28.18240314676087,27.27630730215007,27.341695423286883,3833600.0,0.034851590542198,27.681714248657226,28.12542095184326,0.023199437639271143,1
2023-01-09,28.462635040283203,28.845624088082364,27.911504111656612,27.986233638502977,3574700.0,0.016005197874851884,27.77138900756836,28.140366554260254,0.023123068537298286,1
2023-01-10,28.546709060668945,28.584074718969823,28.201085629849064,28.415932820001167,1863700.0,0.002953838260819852,27.95821342468262,28.128223037719728,0.021004105138864235,1
2023-01-11,29.09783744812012,29.125861689341093,28.602754991730343,28.602754991730343,2641500.0,0.0193061969518058,28.238448715209962,28.149707412719728,0.021519904170585368,1
2023-01-12,29.02311134338379,29.2192774916849,28.808264147090952,29.15388758778939,4116800.0,-0.0025680982261848673,28.62891082763672,28.201083946228028,0.014692044793315182,0
2023-01-13,29.247297286987305,29.396756347445763,28.73353198937292,28.845625393870492,4315200.0,0.007724393878763891,28.87551803588867,28.27861614227295,0.009038754309846757,1
2023-01-17,29.03244972229004,29.20993302234721,28.798919720733107,28.798919720733107,4199400.0,-0.007345894651019758,28.98948097229004,28.3804349899292,0.010260524800966434,0
2023-01-18,28.387908935546875,29.14454749048168,28.32252081438545,29.088499002321026,3725500.0,-0.022200702762202984,28.957720947265624,28.45796718597412,0.015657700797480422,0
2023-01-19,28.285158157348636,28.38791016002323,28.004921049535696,28.35054628133049,2792800.0,-0.0036195261310556504,28.795185089111328,28.516816902160645,0.010831500800467138,0
2023-01-20,28.126354217529297,28.369225635195598,27.743365153972736,28.322518565437157,3669100.0,-0.005614391085809856,28.61583366394043,28.622372245788576,0.010703100737724609,0
2023-01-23,28.023601531982425,28.303836834625205,27.87414246634726,28.00491870335488,2716900.0,-0.003653252915475025,28.371094512939454,28.623306274414062,0.007821078238958713,0
2023-01-24,28.201086044311523,28.32252087218877,27.565884097402417,27.93953177743934,3016800.0,0.006333394090211497,28.20482177734375,28.597151374816896,0.010314888355165596,1
2023-01-25,28.06096839904785,28.14503756811113,27.827438376213003,28.05162698433133,3491800.0,-0.00496851947628929,28.139433670043946,28.548577308654785,0.004904437307880117,0
2023-01-26,28.023601531982425,28.07964823617246,27.677976329143227,27.967554827792387,4172800.0,-0.0013316314153539732,28.0871223449707,28.441153717041015,0.004857574528671131,0
2023-01-27,27.780731201171875,28.070307929555568,27.74336732413495,27.986236979106646,4196300.0,-0.008666635176544646,28.01799774169922,28.316915702819824,0.00558649716537039,0
2023-01-30,27.874143600463867,28.18240315859014,27.63127216350185,27.687318869972263,3517100.0,0.0033624888637939776,27.988106155395506,28.179600334167482,0.00607107324591816,1
2023-01-31,28.135698318481445,28.14503795163255,27.537860240326705,27.986237462673238,3289500.0,0.009383417182841303,27.975028610229494,28.08992519378662,0.007069978448841302,1
2023-02-01,28.11701202392578,28.275812493316064,27.696657316218413,27.95821155453549,5287800.0,-0.0006641489521299615,27.98623733520508,28.062835502624512,0.006629697658864374,0
2023-02-02,27.818096160888672,28.406591017550763,27.66863709311123,28.13569712533889,6111300.0,-0.010631138998082434,27.945136260986327,28.016129302978516,0.008329367388895259,0
2023-02-03,27.276308059692383,27.780731995109026,27.024095201137698,27.6873196273081,5444000.0,-0.019476102823960506,27.84425163269043,27.931124687194824,0.011479895697375824,0
2023-02-06,27.39774513244629,27.51917997333889,27.00541458093446,27.00541458093446,3572300.0,0.004452108125782672,27.748971939086914,27.86853904724121,0.011654246741146951,1
2023-02-07,27.65929412841797,27.71534083027005,27.15486846667164,27.220256582447824,4192600.0,0.009546369407675614,27.65369110107422,27.814359855651855,0.011699028841660613,1
2023-02-08,27.12684631347656,27.537857840631627,26.930680182236262,27.537857840631627,2993200.0,-0.019250231494315595,27.455657958984375,27.720947647094725,0.013451894190663526,0
2023-02-09,26.76253890991211,27.36971658230179,26.7064922061342,27.285645635788637,2541000.0,-0.013429773566544734,27.244546508789064,27.594841384887694,0.013693084903228797,0
2023-02-10,27.379058837890625,27.397741666954904,26.75319831777842,26.818586437810755,2614800.0,0.02303667563282552,27.26509666442871,27.55467414855957,0.017239341833962765,1
2023-02-13,27.52851867675781,27.556542921137837,27.369718188656428,27.43510809220981,1941700.0,0.0054589107592093455,27.291251373291015,27.520111656188966,0.017297408962364057,1
2023-02-14,27.351036071777344,27.584566087405488,27.070798984008,27.547200429692523,2467000.0,-0.0064472268582440595,27.22959976196289,27.441645431518555,0.016810552625965838,0
2023-02-15,27.388647079467773,27.41685436550787,27.040766184956095,27.13478867842652,2762100.0,0.0013751218634543427,27.28195991516113,27.368808937072753,0.013823257611699648,1
2023-02-16,27.313426971435547,27.42625431205492,26.871523623446624,27.03136130988172,3098000.0,-0.0027463973599709535,27.39213752746582,27.318342018127442,0.011467128703298196,0
2023-02-17,27.46386337280273,27.604898002777787,26.89032959800146,27.501473085684037,4566900.0,0.005507781997642125,27.409098434448243,27.337097549438475,0.0052238286105329755,1
2023-02-21,27.18179702758789,27.5014724058574,27.162992171612093,27.379244428674244,2935100.0,-0.01027045399206905,27.339754104614258,27.315502738952638,0.006228183741985281,0
2023-02-22,27.12538146972656,27.567284779836697,27.0689687009173,27.19119666555897,3012400.0,-0.0020754903660001878,27.294623184204102,27.262111473083497,0.005832671613612029,0
2023-02-23,27.068967819213867,27.388641360940188,26.974945345374586,27.266413400279788,3449500.0,-0.0020797366693497965,27.23068733215332,27.256323623657227,0.005585301894599283,0
2023-02-24,26.862119674682617,27.02195735206769,26.598858883692817,26.82451175882535,3384900.0,-0.0076415231608656375,27.140425872802734,27.26628170013428,0.0060827797134705595,0
2023-02-27,26.76809883117676,27.322829522282674,26.692881201535094,27.078371777614837,3343300.0,-0.0035001274897330514,27.00127296447754,27.20518569946289,0.003674958126023528,0
2023-02-28,26.156953811645508,26.76809724032954,26.14755138433287,26.62706441729932,4461200.0,-0.02283109545379647,26.796304321289064,27.06802921295166,0.008800386156399507,0
2023-03-01,25.724454879760746,26.175760665254494,25.611627536722416,26.109945462369545,4220300.0,-0.016534759169556157,26.5161190032959,26.90537109375,0.008895822764804023,0
2023-03-02,26.316795349121094,26.335600206504424,25.64923905198205,25.733859116877127,6016300.0,0.02302635652063456,26.365684509277344,26.798185920715333,0.017638532651081174,1
2023-03-03,26.711685180664062,26.721087608226924,26.11934659084133,26.448422588893024,4985800.0,0.015005240049341895,26.335597610473634,26.738011741638182,0.019733246943279853,1
2023-03-06,26.81511116027832,26.91853428093634,26.61766376024072,26.730491102166457,3854200.0,0.0038719376525568894,26.345000076293946,26.673136520385743,0.01977202216267359,1
2023-03-07,26.14755249023437,27.04076339608652,25.96891174372772,26.721088027255,3849000.0,-0.024894868645288892,26.343119812011718,26.56971206665039,0.020392829946722788,0
2023-03-08,26.307388305664062,26.42961806388461,26.091137863679517,26.109942717764152,3561200.0,0.006112840407888509,26.459706497192382,26.487912750244142,0.018169773799179847,1
2023-03-09,26.213367462158203,26.711685366478143,26.02532428958197,26.39201000043587,5010600.0,-0.003573933011268071,26.439020919799805,26.402352714538573,0.015063391409458265,0
2023-03-10,25.91249656677246,26.43902174616237,25.75265888612368,26.26978163802488,6398200.0,-0.011477765907798032,26.279183197021485,26.307390403747558,0.012620256982840508,0
2023-03-13,26.52364158630371,26.993752228755003,25.799672559859356,25.86548776286977,4942000.0,0.02358495322735199,26.220889282226562,26.282944679260254,0.018281657169469962,1
2023-03-14,26.974946975708008,27.153587714137,26.683477109857183,26.768097162093923,4695500.0,0.017015212181020534,26.386368179321288,26.364743995666505,0.014380183575579264,1
2023-03-15,27.351036071777344,27.55788409940754,26.73049019555705,26.786902967941703,5337700.0,0.013942162570625971,26.595097732543945,26.527402114868163,0.014771268667084126,1
2023-03-16,27.57668685913086,27.75532938365878,27.20059874959542,27.27581637150251,6044100.0,0.008250173293667507,26.867761611938477,26.65339126586914,0.013353982719995813,1
2023-03-17,27.313426971435547,27.83995216988631,27.19119899631682,27.83995216988631,8686700.0,-0.009546465427123785,27.147947692871092,26.71356544494629,0.01257302326730905,0
2023-03-20,27.407451629638672,27.745931885006453,27.294626073402664,27.407451629638672,5375200.0,0.003442433580431281,27.324709701538087,26.772799491882324,0.010437714024763189,1
2023-03-21,26.551847457885746,27.5578838922774,26.16635689505024,27.42625349325933,5468700.0,-0.031217939679866746,27.24008979797363,26.81322898864746,0.017987587320354416,0
2023-03-22,25.997114181518555,26.6270624175166,25.987711754912077,26.45782232525899,3832100.0,-0.02089245493169778,26.969305419921874,26.78220157623291,0.016453113858418262,0
2023-03-23,25.686843872070312,26.269781827262094,25.59282138983555,25.89369369165273,5062100.0,-0.011934798119585643,26.591336822509767,26.729549217224122,0.012964339998786462,0
2023-03-24,26.6458740234375,26.664678881416062,25.649239863863137,25.715055073458142,3585600.0,0.037335460757401684,26.457826232910158,26.802886962890625,0.026697412707519706,1
2023-03-27,26.79630470275879,27.115980060222984,26.664674306154584,26.84331504630896,3213200.0,0.005645552447968827,26.33559684753418,26.830153274536134,0.026881977223018313,1
2023-03-28,26.95614051818848,27.21940308652891,26.65527003627343,26.721085230026155,2276500.0,0.005964845421885245,26.416455459594726,26.82827262878418,0.022295517842173963,1
2023-03-29,27.548479080200195,27.623696700746965,27.106575783654115,27.106575783654115,4334100.0,0.02197416064113633,26.726728439331055,26.848016929626464,0.018646984692975602,1
2023-03-30,27.586090087890625,27.877558157086604,27.454459694059462,27.708318054543906,2187400.0,0.001365266212371763,27.106577682495118,26.84895725250244,0.015009026131159038,1
2023-03-31,27.69891357421875,27.81174089866057,27.473260718664587,27.63309838218164,3914700.0,0.0040898686971826415,27.317185592651366,26.88750591278076,0.008125374215213912,1
2023-04-03,27.59549140930176,27.830546699341244,27.416848886739476,27.576686555699503,2707400.0,-0.0037337986069334583,27.47702293395996,26.90630989074707,0.009682821964283241,0
2023-04-04,27.68011283874512,27.71772075449715,27.44505753697361,27.63310070239304,2262000.0,0.003066494746849724,27.62181739807129,27.019136428833008,0.009766761437309932,1
2023-04-05,28.573320388793945,28.65794043639454,27.7741338399676,27.7741338399676,4321500.0,0.03226892734333653,27.82678565979004,27.276757049560548,0.014217758466381144,1
2023-04-06,28.930606842041016,28.958812330395503,28.479301095072945,28.676746686872868,4792100.0,0.012504197915590876,28.095689010620116,27.601133346557617,0.013902746101626557,1
2023-04-10,28.84598731994629,28.90240009102066,28.43228948096503,28.78017212147125,2671300.0,-0.0029249134854565373,28.325103759765625,27.821144676208498,0.014919491974047308,0
2023-04-11,28.798974990844727,28.9400096075844,28.67674702211061,28.80837741818268,2432700.0,-0.0016297701507015372,28.56580047607422,28.02141170501709,0.01452184693635255,0
2023-04-12,28.83658599853516,29.09044616810079,28.63913860220753,28.83658599853516,3559100.0,0.0013059842477862738,28.797095108032227,28.20945625305176,0.014711389406875863,1
2023-04-13,28.874197006225582,28.97762192933807,28.281858340512983,28.69555623963301,2201400.0,0.0013042808775052261,28.857270431518554,28.342028045654295,0.006096539805525275,1
2023-04-14,28.58272361755371,28.84598619451228,28.394680456865807,28.75196371750353,2982000.0,-0.010094597214565848,28.787693786621094,28.441691398620605,0.004677908883820736,0
2023-04-17,28.80837821960449,28.836585502403057,28.46989979267021,28.704955102669157,1714400.0,0.00789479005115501,28.780171966552736,28.55263786315918,0.0065190902862363965,1
2023-04-18,28.422889709472656,28.827185158831654,28.35707450484767,28.75196752592741,3189900.0,-0.013381125004444105,28.70495491027832,28.63537769317627,0.008846499477445887,0
2023-04-19,28.6861515045166,28.714358788551227,28.40408404415967,28.48870410293377,2372700.0,0.009262316313890073,28.674868011474608,28.73598155975342,0.010316807286116534,1
2023-04-20,28.66734504699707,28.78017238350272,28.44169216731545,28.75196510104389,2132500.0,-0.0006555936064330803,28.633497619628905,28.74538402557373,0.01024421173415221,0
2023-04-21,28.7049560546875,28.94941380039356,28.51691108311984,28.87419437710269,2401700.0,0.0013119808488986084,28.657944107055663,28.72281894683838,0.009019349176533397,1
2023-04-24,28.96821594238281,29.0340311423412,28.507507749344388,28.780172770120227,2642000.0,0.0091712346534778,28.68991165161133,28.73504180908203,0.00928156158782232,1
2023-04-25,28.98702049255371,29.07164054684674,28.864792521535826,28.958813210012806,2219100.0,0.0006491442278773185,28.80273780822754,28.75384635925293,0.0048617964381604825,1
2023-04-26,28.53571510314941,28.9118032419396,28.3382677094535,28.75196555878756,3652500.0,-0.01556922311212472,28.772650527954102,28.723759269714357,0.008998584815152972,0
2023-04-27,28.977617263793945,29.02462940006221,28.375876266197224,28.601529140295995,3332400.0,0.015485932595246776,28.834704971313478,28.73410129547119,0.011662468195121572,1
2023-04-28,28.64854049682617,29.11865111616363,28.40408275957113,28.85539031706566,3674100.0,-0.011356239678786184,28.82342185974121,28.740682983398436,0.013183205219176763,0
2023-05-01,28.84598731994629,29.175065105651164,28.47930161796839,28.563919877915115,2937100.0,0.006892037768625459,28.798976135253906,28.744443893432617,0.012806845292636185,1
2023-05-02,28.253646850585938,28.836584794130484,28.04679882846608,28.81777993939332,3134100.0,-0.020534588148791277,28.652301406860353,28.727519607543947,0.015447704830684871,0
2023-05-03,28.15962791442871,28.6203361241566,28.13142063056913,28.338268665550093,3510300.0,-0.003327674358443944,28.57708396911621,28.674867248535158,0.014283253727459528,0
2023-05-04,28.394681930541992,28.62973723859837,27.96217923118683,28.10321205735472,3204600.0,0.008347198934146594,28.46049690246582,28.64760093688965,0.012237734793648808,1
2023-05-05,28.6955509185791,28.73315883334546,28.21603790033329,28.272450669147627,2936900.0,0.010595962609233789,28.469898986816407,28.64666042327881,0.012858990720658072,1
2023-05-08,28.44169044494629,28.86479068955831,28.375875249857657,28.67674573787973,3306600.0,-0.008846684085387246,28.389039611816408,28.594007873535155,0.012797043920776215,0
2023-05-09,28.404083251953125,28.60153064802903,28.23484493245485,28.404083251953125,3852900.0,-0.0013222558998720046,28.419126892089842,28.535714149475098,0.00817163959970847,0
2023-05-10,28.469900131225582,28.73316093382401,28.28185516365838,28.535715331875192,3529500.0,0.0023171625955551445,28.481181335449218,28.529132652282716,0.007789862252300534,1
2023-05-11,28.12201690673828,28.5169098959267,27.896364026249135,28.5169098959267,4750400.0,-0.012219334205030963,28.426648330688476,28.44357261657715,0.009069347893270546,0
2023-05-12,28.253646850585938,28.526311864285876,28.04679882846608,28.281854132691684,3381100.0,0.004680672239270267,28.338267517089843,28.404083251953125,0.007232377181475665,1
2023-05-15,27.745929718017575,28.394682892360837,27.66130966078456,28.33826832531899,5047000.0,-0.017969968098395572,28.199115371704103,28.294077491760255,0.009760553915696498,0
2023-05-16,27.21000289916992,27.8211463400228,27.17239318917052,27.7835366300234,4460600.0,-0.01931551129460396,27.96029930114746,28.189713096618654,0.011305199520952639,0
2023-05-17,27.181610107421875,27.389826944026343,27.03018066544481,27.314112223037814,3972300.0,-0.0010434688983038676,27.70264129638672,28.09191131591797,0.010577698760340148,0
2023-05-18,26.916608810424805,27.08696737966504,26.604285368544804,26.992323529511435,8559600.0,-0.009749286225127385,27.461559677124022,27.94410400390625,0.010456877516280924,0
2023-05-19,27.05857276916504,27.31411061439464,26.97339348742184,27.05857276916504,3883200.0,0.005274214138196065,27.222544860839843,27.780406188964843,0.010648082479230903,1
2023-05-22,27.02071762084961,27.247863601784108,26.93553832929453,26.98286116081482,5003600.0,-0.0013990075765772936,27.07750244140625,27.638308906555174,0.009504817948045925,0
2023-05-23,27.314109802246094,27.36143082172696,26.907142536058377,26.973392685404065,5387300.0,0.010858045500986124,27.098323822021484,27.52931156158447,0.007757312922204993,1
2023-05-24,27.08696746826172,27.38036178003438,27.039644640439484,27.266788798442317,3828400.0,-0.00831593398536079,27.079395294189453,27.391018295288085,0.008798503376668826,0
2023-05-25,26.746248245239254,26.992321515202843,26.500174975275677,26.963927820721256,4308600.0,-0.01257871422563972,27.045323181152344,27.253441429138185,0.009584596472936045,0
2023-05-26,26.82196807861328,26.84089721188098,26.538038300323866,26.708395084188613,4770800.0,0.0028310450377841967,26.99800224304199,27.110273551940917,0.00922551206304809,1
2023-05-30,26.670534133911133,26.91660740943001,26.670534133911133,26.840892694284296,3534600.0,-0.005645892361750171,26.927965545654295,27.002733993530274,0.009382629224955415,0
2023-05-31,26.69892692565918,26.840893600886144,26.38660348948613,26.717856056380278,5915400.0,0.0010645752951736753,26.804928970336913,26.9516263961792,0.0064390326177816105,1
2023-06-01,26.85982131958008,26.86928588507916,26.39606844121271,26.76517927495182,6403700.0,0.006026249458223498,26.759499740600585,26.91944751739502,0.007446087623161159,1
2023-06-02,27.06804084777832,27.28572046040717,26.689467215993044,26.70839454369621,4180300.0,0.007752081658356058,26.8238582611084,26.93459072113037,0.005208163030576313,1
2023-06-05,27.21000289916992,27.437147054576023,27.058573462232523,27.10589448433248,3120200.0,0.005244637105062289,26.901465225219727,26.94973373413086,0.005366885373217442,1
2023-06-06,27.03017807006836,27.314109600398897,26.83142762350003,27.162680172961743,3553100.0,-0.006608776550591444,26.973394012451173,26.950679779052734,0.0057530532589913745,0
2023-06-07,27.4182186126709,27.493933333042275,26.926073832847614,27.20053901725085,3048800.0,0.014355826350705092,27.117252349853516,26.961090660095216,0.007588734671613604,1
2023-06-08,27.579111099243164,27.62643392510568,27.105893671705395,27.34250238547428,4649900.0,0.0058680867945926085,27.261110305786133,27.01030502319336,0.007585560948562219,1
2023-06-09,27.399293899536133,27.65482997692169,27.38982933293941,27.626438082313012,3530000.0,-0.006520050594087667,27.327360916137696,27.075609588623045,0.008996716695334264,0
2023-06-12,27.56018447875977,27.834649655055173,27.43714693355254,27.834649655055173,4271300.0,0.005872070273546637,27.397397232055663,27.149431228637695,0.009049350266943885,1
2023-06-13,27.62643814086914,27.67375916877156,27.266791830157324,27.29518553000768,2802600.0,0.002403962940104032,27.51664924621582,27.245021629333497,0.0075278206696558604,1
2023-06-14,27.475004196166992,27.82518407786392,27.38982491571505,27.56964623650808,2844000.0,-0.0054814863910424005,27.52800636291504,27.322629356384276,0.006048435957878241,0
2023-06-15,27.702152252197266,27.81572343870851,27.399293347925337,27.579114694098383,2666300.0,0.008267443906776917,27.552614593505858,27.406862449645995,0.006652871271727528,1
2023-06-16,27.61697006225586,27.93875806557938,27.59804093142947,27.71161391120653,6643400.0,-0.00307493039406892,27.596149826049803,27.46175537109375,0.0058170898929392634,0
2023-06-20,27.522327423095703,27.67375686600061,27.266789561250675,27.53179198892493,4400800.0,-0.003426974028896246,27.58857841491699,27.492987823486327,0.005590873079434927,0
2023-06-21,27.853578567504883,27.863043132845178,27.07750226141325,27.465540414459067,3650900.0,0.0120357242800333,27.63400650024414,27.57532787322998,0.00791535832367035,1
2023-06-22,27.550722122192383,27.995545901249475,27.427684567120764,27.93876030939103,2071900.0,-0.010873161040277357,27.649150085449218,27.58857822418213,0.00936642286996027,0
2023-06-23,26.94500160217285,27.71161518936921,26.92607427565473,27.60750677020348,4411400.0,-0.021985649498878934,27.497719955444335,27.5251672744751,0.012433034611552237,0
2023-06-26,27.37089729309082,27.389826424274087,26.897679844596983,27.05857384929214,2349900.0,0.015806111174386572,27.448505401611328,27.522327613830566,0.015762061413132484,1
2023-06-27,27.64536476135254,27.74947318629107,27.370899557216585,27.370899557216585,3238400.0,0.010027711745168144,27.473112869262696,27.530845642089844,0.016521347786769537,1
2023-06-28,27.19107437133789,27.616970800408733,27.153217913854547,27.616970800408733,3192500.0,-0.016432786976633973,27.3406120300293,27.48730926513672,0.01667307423823293,0
2023-06-29,27.181610107421875,27.32357678880905,26.88821578923898,27.001788773312448,2504400.0,-0.00034806509616969183,27.266789627075195,27.457969856262206,0.016358971077787797,0
2023-06-30,27.588579177856445,27.588579177856445,27.21000554865064,27.276255708113972,4383000.0,0.014972220881184883,27.395505142211913,27.446612548828124,0.013502511072334366,1
2023-07-03,27.872509002685547,27.872509002685547,27.389826978827365,27.503398157863792,1822200.0,0.010291571124365628,27.49582748413086,27.472166442871092,0.012572466237670454,1
2023-07-05,28.042865753173828,28.33626187672183,27.683221279548373,27.8062570242888,3479600.0,0.0061119991197013945,27.575327682495118,27.524220275878907,0.012196265365920266,1
2023-07-06,27.881969451904297,27.91982771189893,27.607504287667982,27.85357756208952,3106900.0,-0.005737512802211464,27.7135066986084,27.52705936431885,0.008254719756247217,0
2023-07-07,27.90089988708496,27.99554373631772,27.66429116659371,27.702149428359323,4111700.0,0.0006789489965304263,27.857364654541016,27.562077140808107,0.008097856224019333,1
2023-07-10,27.881969451904297,27.957685971893564,27.702148132473376,27.85357756208952,4116600.0,-0.0006784883375545725,27.916042709350585,27.65577392578125,0.0062120531848915295,0
2023-07-11,28.27947425842285,28.298403389827484,27.891436090534544,28.005009073781007,3008400.0,0.014256697583871825,27.997435760498046,27.746631622314453,0.007609752394934505,1
2023-07-12,28.733766555786133,28.80948128194021,28.29840552651407,28.39304938550204,2957300.0,0.01606438271135735,28.13561592102051,27.855471801757812,0.009673201398438126,1
2023-07-13,28.80001640319824,28.856801995902615,28.610728687275063,28.676978846293743,2703500.0,0.0023056443812712324,28.319225311279297,28.016366004943848,0.007978854671706137,1
2023-07-14,28.50662040710449,28.837871182895963,28.459297578290467,28.81894385655169,2975300.0,-0.010187355173213342,28.440369415283204,28.148867034912108,0.010910650483992826,0
2023-07-17,28.09018898010254,28.46876259064677,28.05233071645743,28.46876259064677,4221300.0,-0.014608235597726837,28.482013320922853,28.19902801513672,0.01388840555069561,0
2023-07-18,27.8630428314209,28.41197497895083,27.711613397976866,28.08072241634904,7283000.0,-0.008086316145560213,28.398727035522462,28.198081398010252,0.01228650395978454,0
2023-07-19,28.22269058227539,28.288940741500596,27.910367113655536,27.93876081268696,3816500.0,0.012907698309565951,28.296511840820312,28.21606388092041,0.01109121612825034,1
2023-07-20,28.74323081970215,28.77162271347271,28.071261052622884,28.27947609605993,2485100.0,0.018444033034670015,28.285154724121092,28.302190017700195,0.014907162743864437,1
2023-07-21,29.254302978515625,29.273232109994623,28.72429993337304,28.85680024336335,4152300.0,0.017780609355269927,28.43469123840332,28.437530326843262,0.015507569267823965,1
2023-07-24,29.21644592285156,29.33001709903875,29.036622787843665,29.26376694539934,2343300.0,-0.0012940679424789936,28.659942626953125,28.57097797393799,0.011978737506903836,0
2023-07-25,29.434125900268555,29.49091148910569,29.08394419121334,29.19751717406894,3195100.0,0.007450597447471896,28.974159240722656,28.68644313812256,0.008196878670346859,1
2023-07-26,29.52876853942871,29.755912690632776,29.320551713605717,29.42466012651721,2777800.0,0.0032154051212811563,29.23537483215332,28.765943336486817,0.008775643861957002,1
2023-07-27,28.733766555786133,29.68966610171981,28.53501427139325,29.57609310989796,4724700.0,-0.026922964382379844,29.23348197937012,28.759318351745605,0.016647149779159983,0
2023-07-28,28.487693786621094,28.875731991192943,28.28894149844589,28.809481830195043,4280200.0,-0.00856388836762112,29.08016014099121,28.757425689697264,0.013502900148155092,0
2023-07-31,28.47822570800781,28.762155450178504,28.39304642432035,28.6107260136633,2853100.0,-0.0003323567953307238,28.93251609802246,28.796229362487793,0.013579489352736254,0
2023-08-01,27.91036796569824,28.307870738365807,27.900903399065506,28.128047582706756,12532600.0,-0.01994006747934063,28.6277645111084,28.800961875915526,0.012787396943885969,0
2023-08-02,28.146974563598636,28.203760153871222,27.70215079696414,27.82518654341832,9228200.0,0.0084773729314922,28.351405715942384,28.79339027404785,0.014323521809529872,1
2023-08-03,27.777862548828125,28.02393582060577,27.63589768573595,28.00500669081184,4733500.0,-0.013113736751226845,28.16022491455078,28.69685344696045,0.011077103249348672,0
2023-08-04,27.475004196166992,27.94822161859727,27.25732280991135,27.90089879324552,4259300.0,-0.010902867422889928,27.957686996459962,28.518923568725587,0.011224195732694795,0
2023-08-07,27.446613311767575,27.68322204721385,27.418219613648724,27.531792600942747,3977700.0,-0.001033335034153593,27.751364517211915,28.341940307617186,0.011121466282071174,0
2023-08-08,27.37089729309082,27.50339760101108,27.21000328839566,27.456076578234217,5389200.0,-0.0027586652610539497,27.64347038269043,28.135617446899413,0.008611724191512269,0
2023-08-09,27.43714714050293,27.673755862106283,27.29518226857717,27.32357596503484,3142000.0,0.0024204485042158552,27.50150489807129,27.926455307006837,0.006642053583734385,1
2023-08-10,27.21000289916992,27.645362079069628,27.124823615244978,27.51286177304472,2308200.0,-0.008278712074904493,27.387932968139648,27.774078941345216,0.005418946779181491,0
2023-08-11,27.399293899536133,27.427685794144807,27.09643318398546,27.172147911577756,2203000.0,0.006956669614025968,27.372790908813478,27.66523895263672,0.005701267885656616,1
2023-08-14,27.228931427001957,27.437146446883904,27.020714601938764,27.36143173009217,3321900.0,-0.00621776871910773,27.32925453186035,27.540309524536134,0.006257977183796052,0
2023-08-15,26.73678398132324,27.105892987832203,26.661069267034705,27.068036533278526,3610400.0,-0.018074431124780466,27.202431869506835,27.42295112609863,0.009753796579482745,0
2023-08-16,26.784427642822266,26.98452387764929,26.755841687530765,26.80348312894544,3389400.0,0.0017819518432848902,27.071887969970703,27.286696434020996,0.009641807049385888,1
2023-08-17,26.679615020751957,27.02263922401679,26.660557716702897,26.80348386226173,4005300.0,-0.003913192526195264,26.96581039428711,27.176871681213377,0.00943978753219934,0
2023-08-18,26.860654830932617,26.946410878736657,26.64149947687536,26.64149947687536,3607400.0,0.006785697996011031,26.858082580566407,27.11543674468994,0.009390841913795508,1
2023-08-21,26.94641494750977,27.013113702005317,26.622448010755896,26.77490282600421,3669100.0,0.003192778326401413,26.80157928466797,27.06541690826416,0.009753126599187291,1
2023-08-22,26.92735481262207,27.05122365547253,26.765371361260964,26.97499625585581,2146800.0,-0.0007073347205862612,26.839693450927733,27.021062660217286,0.004032141001814225,0
2023-08-23,26.832069396972656,27.04169428600676,26.670085949908504,26.92735409831707,3559900.0,-0.003538610320711788,26.849221801757814,26.96055488586426,0.004580193587324231,0
2023-08-24,26.53668975830078,27.184623578294765,26.527161105959152,26.77490061462771,3347300.0,-0.01100845537859263,26.820636749267578,26.893223571777344,0.006798540853547514,0
2023-08-25,26.889240264892575,27.041695064470638,26.631973926482463,26.670086717674693,2803100.0,0.013285398812092453,26.82635383605957,26.84221820831299,0.008952713336996905,1
2023-08-28,26.889240264892575,27.117922464259664,26.84159882155115,26.94641217778777,1579800.0,0.0,26.81491889953613,26.808249092102052,0.008802479811980925,0
2023-08-29,26.803482055664062,27.003580099883138,26.71772782803237,26.955938660376148,3006700.0,-0.003189313211667044,26.79014434814453,26.81491889953613,0.008894087199014201,0
2023-08-30,26.6033878326416,26.87018463922761,26.546217737446227,26.803484074527688,2806100.0,-0.007465232412972145,26.74440803527832,26.796814918518066,0.009348161336140408,0
2023-08-31,26.57480239868164,26.793957766479867,26.53668960693712,26.746314505043472,4449600.0,-0.001074503523377901,26.75203056335449,26.786333656311037,0.007795404869289207,0
2023-09-01,26.346118927001957,26.755841868597077,26.10790808350753,26.71772907868831,3785500.0,-0.008605274584883804,26.643406295776366,26.73488006591797,0.00382131449601904,0
2023-09-05,26.041210174560547,26.365177077511174,25.879226723085235,26.298478329975087,3764400.0,-0.011573194263877373,26.473800277709962,26.644359588623047,0.004225742738599999,0
2023-09-06,26.06979751586914,26.250836463825976,25.993570112149246,26.098381656386188,3368000.0,0.0010977731494414833,26.327063369750977,26.558603858947755,0.005326849117716023,1
2023-09-07,26.63197326660156,26.708200664501845,26.222250321360843,26.279420415434924,4084600.0,0.021564254589634402,26.33278045654297,26.538594245910645,0.012990084954122214,1
2023-09-08,26.955942153930664,27.04169639267631,26.63197523456388,26.708202638096967,4031000.0,0.012164659527327926,26.409008407592772,26.580519485473634,0.013957763421287574,1
2023-09-11,26.97499656677246,27.127451367763115,26.832070418019292,26.879711861802157,4776100.0,0.0007068724488643596,26.534783935546876,26.58909511566162,0.01258788897041123,1
2023-09-12,26.96546936035156,27.05122541768239,26.77490175759781,26.99405531859673,3551300.0,-0.0003531865665791223,26.71963577270508,26.59671802520752,0.00958245534484261,0
2023-09-13,27.2894344329834,27.432362397108964,26.994053487439377,27.013110791643395,4655700.0,0.012014071340741284,26.96356315612793,26.645313262939453,0.009123838491654811,1
2023-09-14,27.6134033203125,27.622931973099647,27.33707965910407,27.451419857740422,5308100.0,0.011871586717002058,27.159849166870117,26.746314811706544,0.006496644104748772,1
2023-09-15,27.708688735961918,27.889729508715742,27.489535168494232,27.55623392229703,8456500.0,0.003450694379976138,27.310398483276366,26.85970344543457,0.006009503682519288,1
2023-09-18,27.77538681030273,27.784915463099285,27.40377843826072,27.68010209974192,5725500.0,0.0024071176725966037,27.47047653198242,27.00263023376465,0.005708348621712539,1
2023-09-19,27.6134033203125,27.908786104499907,27.59434601473821,27.76585813009743,4838000.0,-0.005831907620099996,27.60006332397461,27.159849548339842,0.007460438507523326,0
2023-09-20,27.460947036743164,27.87066999757776,27.45141838446741,27.727743848250583,3662100.0,-0.005521097193303515,27.634365844726563,27.298964500427246,0.007331406057221771,0
2023-09-21,27.051225662231445,27.441891341423723,27.041697009396916,27.441891341423723,4918100.0,-0.014920147290022667,27.521930313110353,27.340889739990235,0.007440576946356485,0
2023-09-22,26.96546936035156,27.203680226847265,26.908299261265903,26.96546936035156,2790000.0,-0.003170144782002171,27.37328643798828,27.341842460632325,0.00626014161194034,0
2023-09-25,26.955942153930664,26.99405494699488,26.708202638096967,26.822542834694268,2530800.0,-0.0003533113514020414,27.209397506713866,27.339937019348145,0.005470638222121162,0
2023-09-26,26.003097534179688,26.89876903114916,25.98404022980045,26.89876903114916,3681900.0,-0.035348221713409234,26.887336349487306,27.243699836730958,0.014222870521240443,0
2023-09-27,25.86969947814941,26.14602495286361,25.77441476902712,26.01262563313053,5282400.0,-0.00513008328545983,26.569086837768555,27.10172634124756,0.014267460499304715,0
2023-09-28,25.440919876098636,26.003097635647958,25.355163823461982,26.003097635647958,4844000.0,-0.016574587672073204,26.24702568054199,26.88447799682617,0.014377128792565535,0
2023-09-29,25.583845138549805,25.87922607773134,25.440918994907417,25.650543884422618,4214300.0,0.005617928248948356,25.970700836181642,26.67199363708496,0.01616951092736305,1
2023-10-02,24.53571891784668,25.450447760487894,24.287979401946853,25.393277662173983,7172600.0,-0.04096828350183401,25.486656188964844,26.348026847839357,0.019702923735056728,0
2023-10-03,25.107421875,25.193177919293177,24.221277295573444,24.37373208156033,6963100.0,0.023300843927482218,25.307521057128906,26.097428703308104,0.02411460369427071,1
2023-10-04,25.28846740722656,25.30752289603277,24.716760942731167,25.19318269357654,3956500.0,0.007210837222870303,25.191274642944336,25.880180740356444,0.024939417959418644,1
2023-10-05,25.364694595336918,25.555262203584373,25.145539210615475,25.269409882510818,4371300.0,0.00301430635881772,25.17602958679199,25.711527633666993,0.02404842641097626,1
2023-10-06,25.602903366088867,25.641016157646494,24.583359385204744,25.02166830124725,5079400.0,0.009391351820011273,25.179841232299804,25.57527103424072,0.024340550129273466,1
2023-10-09,26.003097534179688,26.012624368964733,25.59337457704886,25.60290322923848,3576700.0,0.01563081195786875,25.473316955566407,25.479986572265624,0.00792076561412572,1
2023-10-10,26.17460823059082,26.212722839945187,25.83158583342456,25.945926026678443,3255100.0,0.006595779452263084,25.68675422668457,25.49713764190674,0.004662014359251109,1
2023-10-11,26.441404342651367,26.460461646823163,26.041210042066407,26.250834935742507,3409600.0,0.010192936211696146,25.91734161376953,25.554308128356933,0.004667617515398841,1
2023-10-12,26.231779098510746,26.450932641344785,25.964982295883736,26.3365906352462,5048000.0,-0.007927916438329463,26.090758514404296,25.633394050598145,0.008848175650124138,0
2023-10-13,26.26988983154297,26.565270749507665,26.088849093317464,26.450930569768477,5951900.0,0.0014528459121700976,26.224155807495116,25.70199851989746,0.008973045569380606,1
2023-10-16,26.46999168395996,26.508104476893266,25.993569959163448,26.298479572248475,5888200.0,0.007617156131988212,26.31753463745117,25.89542579650879,0.0071777645579948444,1
2023-10-17,26.622446060180664,26.68914480978932,26.279421842302284,26.298479147163224,6732500.0,0.005759517344808396,26.407102203369142,26.046928215026856,0.007099419389342647,1
2023-10-18,26.37470817565918,26.736787903322348,26.21272470916137,26.60339039587877,5417500.0,-0.009305601895538307,26.3937629699707,26.155552291870116,0.007771648993854673,0
2023-10-19,26.17460823059082,26.574802541788635,26.16507957825223,26.26036428423354,6387400.0,-0.007586811718850783,26.38232879638672,26.236543655395508,0.007691012628504248,0
2023-10-20,25.860170364379883,26.460462748963177,25.860170364379883,26.212723236624555,5241500.0,-0.01201308777731569,26.3003849029541,26.262270355224608,0.00910264281600568,0
2023-10-23,25.53620147705078,25.936395763391936,25.44091859439224,25.555258780544285,3954200.0,-0.012527716668693789,26.113626861572264,26.21558074951172,0.007484339601263561,0
2023-10-24,26.031681060791016,26.069795668652624,25.72677146751629,25.812527517800373,4975800.0,0.019403026099457987,25.995473861694336,26.20128803253174,0.013461272709342798,1
2023-10-25,26.165077209472656,26.231777769804253,25.926866374787416,25.974509632167127,4717800.0,0.005124377037738048,25.95354766845703,26.173655319213868,0.01369307935748788,1
2023-10-26,26.298479080200195,26.73678618645797,25.86017015653781,26.50810398092288,7106400.0,0.0050984703641250295,25.978321838378907,26.180325317382813,0.013461216877683556,1
2023-10-27,25.43139266967773,26.21272402264944,25.39327805860366,26.14602527067449,5272600.0,-0.03297097173863883,25.892566299438478,26.09647560119629,0.02013933013786777,0
2023-10-30,25.621959686279297,25.822057755028045,25.44092074003596,25.53620363073049,4116300.0,0.007493377145199931,25.90971794128418,26.01167240142822,0.019802304769557997,1
2023-10-31,25.612428665161133,25.81252671540536,25.355162339710663,25.76488527446384,4969600.0,-0.00037198642238389645,25.825867462158204,25.910670661926268,0.01693213462413416,0
2023-11-01,26.031681060791016,26.155551718936707,25.450446012733234,25.650544069197608,4320400.0,0.01636909959265842,25.799188232421876,25.87636795043945,0.018930633043249687,1
2023-11-02,26.19366455078125,26.54621740444004,26.003096963385705,26.041209753903,6677100.0,0.006222552036188489,25.778225326538085,25.878273582458498,0.019025764155928958,1
2023-11-03,26.09838104248047,26.68914477046676,26.08885239006404,26.555747271445984,7074300.0,-0.0036376547510584833,25.911623001098633,25.902094650268555,0.007749258265144728,0
2023-11-06,25.955453872680664,26.193664721531334,25.907812429872347,26.09838001851016,6047200.0,-0.00547647647442806,25.978321838378907,25.944019889831544,0.008883682677998187,0
2023-11-07,25.907814025878903,26.01262556999485,25.641017204464955,25.99357008214037,6142600.0,-0.001835446493652082,26.037398910522462,25.93163318634033,0.009029855879630164,0
2023-11-08,25.593374252319336,25.802999145617544,25.288464655738466,25.75535770267849,8021800.0,-0.012136870105886932,25.949737548828125,25.874462890625,0.006628324902809868,0
2023-11-09,25.498090744018555,25.90781371515269,25.44092064633147,25.688658342110376,5000500.0,-0.003722975617103219,25.810622787475587,25.794424057006836,0.004000259893019069,0
2023-11-10,25.84111785888672,25.879230655811465,25.61243380771888,25.68866121897321,5228400.0,0.013453050987695336,25.759170150756837,25.835396575927735,0.009442175437057847,1
2023-11-13,25.46950340270996,25.90781230757656,25.393276004133757,25.841113560997947,3980900.0,-0.014380742280812764,25.661980056762694,25.820150947570802,0.010988178348883956,0
2023-11-14,26.36517906188965,26.3747077147412,25.974513381999436,26.04121213455561,4842800.0,0.03516659296483926,25.753453063964844,25.89542598724365,0.02072489936090635,1
2023-11-15,26.32678604125977,26.758686276700736,26.27879590578645,26.33638406835443,3732600.0,-0.0014562017781011294,25.90013542175293,25.924936485290527,0.019180505378104853,0
2023-11-16,26.547534942626957,26.806676180029275,26.50914466521724,26.57632902366159,6325400.0,0.008384954434666803,26.11002426147461,25.960323524475097,0.018425202998140214,1
2023-11-17,26.68190193176269,26.758684312246643,26.480348869480963,26.74908811649296,3174100.0,0.005061373473134845,26.278181076049805,26.01867561340332,0.018211861272310982,1
2023-11-20,26.48035049438477,26.6339152647758,26.25960136577721,26.576328933538274,3001200.0,-0.007553863210103207,26.480350494384766,26.07116527557373,0.016417356343482202,0
2023-11-21,26.393970489501957,26.58592737077111,26.27879599461316,26.47075287588232,2315700.0,-0.003262041599529808,26.486108779907227,26.119780921936034,0.006431786135609447,0
2023-11-22,26.67230796813965,26.710698246276223,26.27879617576162,26.441958976774192,3047500.0,0.010545494803383182,26.555213165283202,26.227674293518067,0.007747793641394338,1
2023-11-24,26.80667495727539,26.80667495727539,26.56672978484097,26.72989257532183,1260800.0,0.005037696373941358,26.60704116821289,26.35853271484375,0.007255766685531199,1
2023-11-27,26.82587242126465,26.94104508493402,26.557133154975308,26.797078340029064,4174900.0,0.0007161449161394717,26.635835266113283,26.457008171081544,0.007049589881869941,1
2023-11-28,27.017826080322266,27.24817322644156,26.74908865850128,26.87385934282725,2842800.0,0.007155542084269939,26.74333038330078,26.611840438842773,0.00541736275892494,1
2023-11-29,26.76828384399414,27.14259957171044,26.720295539981606,27.056219159978717,3129600.0,-0.00923620707255468,26.81819305419922,26.652150917053223,0.00763501622382941,0
2023-11-30,27.13300132751465,27.219381738554688,26.71069729916739,26.902654174953355,5842900.0,0.01362498566012249,26.91033172607422,26.732772445678712,0.008488160941720734,1
2023-12-01,27.6320858001709,27.651280021892838,27.075411265599566,27.180987722933622,5747200.0,0.018394001704121976,27.07541389465332,26.841227531433105,0.010874999161897804,1
2023-12-04,27.689672470092773,27.920019609340216,27.372944924798,27.44012927824896,6529600.0,0.002084050778443869,27.248173904418945,26.942004585266112,0.010720839842286542,1
2023-12-05,27.411338806152344,27.699274141075577,27.267372054009016,27.67048005839228,3948900.0,-0.010051894410851303,27.32687644958496,27.035103416442873,0.012949656687218036,0
2023-12-06,27.62248992919922,27.67047823320275,27.30576236312113,27.55530374070324,4840800.0,0.007703057648518863,27.497717666625977,27.157955360412597,0.011034430410077923,1
2023-12-07,27.603294372558597,27.968010249209808,27.440131573116517,27.66088070452742,5405500.0,-0.0006949249213167308,27.591776275634764,27.25105400085449,0.01052083963184182,0
2023-12-08,27.612892150878903,27.737662840793316,27.35375091339921,27.64168440128567,5594400.0,0.00034770408889484017,27.587937545776366,27.331675720214843,0.006427477233361504,1
2023-12-11,27.881629943847656,27.89122797098569,27.468925760731228,27.468925760731228,4078800.0,0.009732330517946197,27.626329040527345,27.437251472473143,0.00783897198527412,1
2023-12-12,27.843238830566406,27.97760754519448,27.641683927987856,27.958411491494346,3288900.0,-0.0013769321721350813,27.712709045410158,27.519792747497558,0.005176546468708172,0
2023-12-13,28.98537826538086,29.014170515164068,27.699271963486595,27.85283673111847,6219600.0,0.041020351179856585,27.985286712646484,27.74150218963623,0.018021708465423076,1
2023-12-14,28.505489349365234,29.32130153214706,28.447901185615805,29.32130153214706,6284300.0,-0.016556241275235917,28.165725708007812,27.87875099182129,0.021409697795980533,0
2023-12-15,27.69927215576172,28.26554292682369,27.459326975841776,28.025597746903752,9030300.0,-0.028282875053378786,28.183001708984374,27.88546962738037,0.02668893660644768,0
2023-12-18,27.65127944946289,27.94881276294734,27.56489904627531,27.814442229857622,3470200.0,-0.0017326342016841245,28.13693161010742,27.88163032531738,0.02622973963516319,0
2023-12-19,27.80484771728516,27.83364179886485,27.60329463813683,27.737663357569048,2342800.0,0.005553749080686732,28.129253387451172,27.920981216430665,0.02641280705638589,1
2023-12-20,27.16179656982422,27.81444782263469,27.152200372550517,27.728067402078207,4627700.0,-0.02312730333930879,27.764537048339843,27.874911880493165,0.014316288197649631,0
2023-12-21,27.16179656982422,27.478524168319108,27.046623896173337,27.228982765196648,2855000.0,0.0,27.49579849243164,27.830762100219726,0.015130230813999718,0
2023-12-22,27.23857879638672,27.555306392950403,27.20978654346788,27.315361188564687,2239300.0,0.0028268463893805773,27.40365982055664,27.79333076477051,0.011427987873719693,1
2023-12-26,27.353748321533203,27.46892280415647,27.13299921302793,27.18098751291645,2524100.0,0.004228176734454303,27.344153594970702,27.740542602539062,0.011931648337089587,1
2023-12-27,27.23857879638672,27.363351327823807,27.133004151289917,27.276970907794016,2196800.0,-0.004210374526836702,27.230899810791016,27.680076599121094,0.011137669591665482,0
2023-12-28,27.411338806152344,27.45932894395784,27.2001876917179,27.209785719279,1863300.0,0.006342475173063855,27.28080825805664,27.522672653198242,0.00409090868117449,1
2023-12-29,27.420934677124023,27.43053270393026,27.209783579296097,27.315358212891844,2830700.0,0.0003500694015545758,27.3326358795166,27.41421718597412,0.0040544334330298755,1
2024-01-02,27.843238830566406,27.891227134180305,27.257772007167333,27.372946498731707,3902200.0,0.015400793532931223,27.453567886352538,27.42861385345459,0.007337544008342424,1
2024-01-03,27.95841217041016,28.006402305825844,27.71846698524117,27.85283753376861,3598200.0,0.0041364921855755465,27.57450065612793,27.459327125549315,0.007338264715852275,1
2024-01-04,27.910425186157227,28.25594685495191,27.90082715861998,28.07358799301732,3655400.0,-0.0017163701558030597,27.70886993408203,27.469884872436523,0.006659739669894703,0
2024-01-05,28.063989639282227,28.150370055476863,27.756860084206416,27.86243655525243,3125500.0,0.00550204635367435,27.83940010070801,27.560104179382325,0.00662483048584979,1
2024-01-08,28.227149963378903,28.236747989961028,27.94881451504289,28.01599887048136,3560400.0,0.005813867742749501,28.000643157958983,27.666639518737792,0.006154744902272927,1
2024-01-09,28.05438804626465,28.22714885669677,27.94881341927326,28.063986072470467,2602400.0,-0.006120416596730127,28.042873001098634,27.748220443725586,0.005243806667757142,0
2024-01-10,28.073585510253903,28.27513857880153,27.977607074006094,28.04479143018864,4137600.0,0.0006842945195453254,28.065907669067382,27.820204162597655,0.005036875040745483,1
2024-01-11,27.20978355407715,27.968009364702837,27.133001170334847,27.95841133790549,5884600.0,-0.030769206728554543,27.925779342651367,27.8173246383667,0.015205663585530087,0
2024-01-12,27.420934677124023,27.497717060937493,27.180989498877388,27.420934677124023,3150100.0,0.007760117702782621,27.797168350219728,27.818284225463866,0.015622554092123195,1
2024-01-16,27.38254165649414,27.488116279510116,27.16179072334529,27.267367176997517,4336000.0,-0.0014001353740108469,27.628246688842772,27.814444923400877,0.014736881501628024,0
2024-01-17,26.92184829711914,27.48811906486526,26.729893252689067,27.171391502451023,2961000.0,-0.01682434615289774,27.401738739013673,27.722305870056154,0.015520969795979809,0
2024-01-18,26.65311050415039,26.82587132321943,26.44195757833872,26.777881189791135,4218800.0,-0.009982144985101415,27.117643737792967,27.591775703430176,0.014722566241130098,0
2024-01-19,26.65311050415039,26.777881189791135,26.40356730223249,26.777881189791135,4709200.0,0.0,27.00630912780762,27.466044235229493,0.009503548065138166,0
2024-01-22,26.365177154541016,26.797079234305883,26.336384902981056,26.65311248459644,4750500.0,-0.01080299237736393,26.795157623291015,27.29616298675537,0.00701813351554797,0
2024-01-23,26.393970489501957,26.40356851662906,26.02925461185435,26.27879599461316,11149000.0,0.0010920971549770453,26.59744338989258,27.112845039367677,0.007646817330737696,1
2024-01-24,26.048450469970703,26.62431931927653,26.00046216196047,26.595525236088427,4599900.0,-0.013090869358540869,26.42276382446289,26.912251281738282,0.0065945897196218115,0
2024-01-25,26.413166046142575,26.518740681278786,26.077242425568468,26.34598168815505,5044200.0,0.014001430779628343,26.374774932861328,26.746209335327148,0.010837655073141548,1
2024-01-26,26.461153030395508,26.60511976613601,26.278794188784808,26.509143162733253,3448700.0,0.0018167827427086891,26.336383438110353,26.671346282958986,0.010941377283014201,1
2024-01-29,26.7874813079834,26.79707933541845,26.32678697492025,26.44195964286776,3611200.0,0.012332352910435995,26.420844268798827,26.60800094604492,0.01086065303184204,1
2024-01-30,26.845067977905277,26.92185036771001,26.509146166657395,26.65311291871171,5307700.0,0.0021497605265603514,26.51106376647949,26.554253578186035,0.010818813895475501,1
2024-01-31,26.816274642944336,27.142600244095487,26.58592748283232,27.06581785739148,3955700.0,-0.0010725744849906516,26.66462860107422,26.543696212768555,0.006825453741796393,0
2024-02-01,27.23857879638672,27.23857879638672,26.566733322488684,26.71070007899279,3491100.0,0.015748054458171845,26.829711151123046,26.60224304199219,0.007370182117740101,1
2024-02-02,26.82587242126465,27.07541380276045,26.53793710081825,26.96024113909108,2998100.0,-0.015151538492779837,26.902655029296874,26.619519233703613,0.012208554763984903,0
2024-02-05,26.42276382446289,26.76828363809565,26.33638341339559,26.566730566029573,3716700.0,-0.015026858790330277,26.829711532592775,26.6252779006958,0.012975817413090477,0
2024-02-06,26.49954414367676,26.633912847916687,26.29798925668057,26.35557558269249,3325300.0,0.0029058398176644573,26.76060676574707,26.635835266113283,0.013050228655303673,1
2024-02-07,26.461153030395508,26.653109898473755,26.34598037405765,26.653109898473755,2628200.0,-0.0014487461774097543,26.689582443237306,26.677105522155763,0.013040883354581348,0
2024-02-08,26.32678604125977,26.40356842738059,26.08684085580262,26.3171880141651,2740400.0,-0.005077896227023593,26.507223892211915,26.66846752166748,0.008112123982947288,0
2024-02-09,26.42276382446289,26.48994818181825,26.192416671828905,26.211610894904407,2595100.0,0.00364563236289861,26.426602172851563,26.66462860107422,0.007589676313030121,1
2024-02-12,26.6339168548584,26.70110121708592,26.336385323292276,26.4611560201953,2892300.0,0.007991330195368018,26.468832778930665,26.649272155761718,0.0050156761783435345,1
2024-02-13,26.336381912231445,26.65310945787937,25.866089606913995,26.566729051735724,3961100.0,-0.011171279997920336,26.4362003326416,26.598403549194337,0.007457987985063785,0
2024-02-14,26.44273376464844,26.49107440434084,26.239699020970527,26.38472462820212,3375600.0,0.004038210441032586,26.432516479492186,26.561049461364746,0.007809861844595035,1
2024-02-15,26.945484161376957,26.964819310542087,26.539416523674404,26.568420169460687,4007500.0,0.019012799554055437,26.556256103515626,26.53173999786377,0.010829776257016603,1
2024-02-16,26.95515251159668,27.07117263428046,26.67477346823325,26.868139724680457,3518600.0,0.0003588115233639222,26.662733840942384,26.544668006896973,0.01100831219253274,1
2024-02-20,26.86813735961914,27.264536490773413,26.65543412743491,26.964818635255103,5225800.0,-0.003228145414503003,26.70957794189453,26.5892053604126,0.011145665168235588,0
2024-02-21,27.34188461303711,27.34188461303711,26.84880232618644,27.061503729815698,5721700.0,0.017632307259600966,26.910678482055665,26.67343940734863,0.01016442510312885,1
2024-02-22,26.945484161376957,27.1581855548108,26.81979554937914,27.148517058189643,3901300.0,-0.014497919849721708,27.011228561401367,26.721872520446777,0.014307314832419293,0
2024-02-23,26.98415756225586,27.21619595975368,26.916479926828654,27.0711721918272,4154900.0,0.0014352460934561329,27.018963241577147,26.787609672546388,0.01154468855564067,1
2024-02-26,26.394392013549805,26.897142794246072,26.365388366560143,26.810128165122592,3435900.0,-0.02185599262624338,26.906811141967772,26.78477249145508,0.015224028933130877,0
2024-02-27,26.7327823638916,26.74245086103357,26.346051698599176,26.491075467574177,3803800.0,0.012820539687676158,26.879740142822264,26.794659042358397,0.017038264388801457,1
2024-02-28,26.568422317504883,26.81012922034407,26.52975017197082,26.67477394485887,3332900.0,-0.006148258125526107,26.72504768371582,26.817863082885744,0.013532642847699582,0
2024-02-29,26.587759017944336,26.829465918107463,26.56842202335273,26.70377914141665,3380100.0,0.0007278076284835677,26.653502655029296,26.832365608215333,0.012733163995137929,1
2024-03-01,26.529748916625977,26.58775805422083,26.162353409011672,26.54908406643944,3062100.0,-0.0021818349293449835,26.56262092590332,26.790792083740236,0.012547698689029142,0
2024-03-04,27.013160705566406,27.032495853952724,26.33638072196358,26.365386210658706,3127300.0,0.018221498833616234,26.68637466430664,26.796592903137206,0.010363349340076366,1
2024-03-05,26.96482276916504,27.602928875389946,26.800461993678176,27.10984839300676,5967300.0,-0.001789421716630435,26.732782745361327,26.806261444091795,0.009522646574674798,0
2024-03-06,27.361217498779297,27.4579006175467,27.10017547540756,27.167853105321605,3912200.0,0.014700438901736224,26.891341781616212,26.808194732666017,0.009752634551941348,1
2024-03-07,27.37088966369629,27.660939058875,27.30321202471113,27.612596570973203,2919400.0,0.0003534990691633766,27.0479679107666,26.85073528289795,0.00980390641562202,1
2024-03-08,27.39022445678711,27.53524822067843,27.15818606574556,27.419229947196257,3468000.0,0.000706399876963637,27.22006301879883,26.891341972351075,0.009282801299330316,1
2024-03-11,27.573925018310547,27.757620944059717,27.370890252907,27.370890252907,4272900.0,0.006706792849151544,27.332215881347658,27.00929527282715,0.006696947755277407,1
2024-03-12,27.19685935974121,27.602927022266364,27.16785571218196,27.42889960467897,3514900.0,-0.013674718355074389,27.37862319946289,27.05570297241211,0.010407263758256447,0
2024-03-13,27.0711727142334,27.554586512701853,27.061504216974757,27.312879613467626,4167700.0,-0.004621366160162732,27.32061424255371,27.10597801208496,0.007612265723262152,0
2024-03-14,26.96482276916504,27.206529683464694,26.70378070322024,26.935819119658625,6003500.0,-0.003928531142370573,27.23940086364746,27.14368438720703,0.007506542570817778,0
2024-03-15,26.945484161376957,27.18719104467425,26.73278092386594,26.77145491035055,9392700.0,-0.0007171791171642905,27.15045280456543,27.18525791168213,0.007358136022731048,0
2024-03-18,27.013160705566406,27.216193594200995,26.848799957781555,26.916477587326412,3485300.0,0.0025116098780832985,27.0382999420166,27.18525791168213,0.006064906085355053,1
2024-03-19,27.24519920349121,27.35155081843365,27.042164469880834,27.129179092274267,4344000.0,0.00858983146970238,27.0479679107666,27.213295555114748,0.005401970425888265,1
2024-03-20,27.167856216430664,27.351553978717043,27.013163946319185,27.1485192216474,4476500.0,-0.002838774878571537,27.067304611206055,27.193959426879882,0.005036945007813015,0
2024-03-21,27.061506271362305,27.351555678909,27.05183777336967,27.1968615551043,4346900.0,-0.003914550497511882,27.086641311645508,27.163021087646484,0.00503371986368292,0
2024-03-22,26.906810760498047,27.25486927012608,26.877805270003307,27.25486927012608,4073400.0,-0.005716441254711824,27.078906631469728,27.114679718017577,0.00582621178530532,0
2024-03-25,26.6844425201416,27.01316405648847,26.60709638477041,27.00349555905741,4728000.0,-0.008264384892575416,27.013162994384764,27.025731468200682,0.0064932351228933665,0
2024-03-26,26.32671546936035,26.694110995122497,26.25903783147715,26.674774000276628,5757600.0,-0.013405828152911026,26.829466247558592,26.938717079162597,0.004212145910518676,0
2024-03-27,27.351551055908203,27.36121770818953,26.510410313494347,26.539415802569696,5656100.0,0.03892759002696633,26.8662052154541,26.966754913330078,0.02121168668039354,1
2024-03-28,27.54491806030273,27.593260546674685,27.293542663400476,27.351553647046817,4440100.0,0.007069690636529957,26.962887573242188,27.024764442443846,0.021075819646063323,1
2024-04-01,27.47724151611328,27.593261643942306,27.158188469680194,27.535250657989103,4929300.0,-0.0024569520969817127,27.076973724365235,27.07794017791748,0.020758915555419075,0
2024-04-02,27.4965763092041,27.82529782696844,27.46757081855058,27.4965763092041,5008900.0,0.0007036657256691559,27.239400482177736,27.12628173828125,0.01975719666579041,1
2024-04-03,27.216196060180664,27.554586082642604,27.1871924129347,27.554586082642604,3163600.0,-0.01019691491298802,27.417296600341796,27.123381423950196,0.01900003882204087,0
2024-04-04,27.167856216430664,27.45790376187036,26.97448995675265,27.428900113772784,3393800.0,-0.0017761425455310453,27.38055763244629,27.123381423950196,0.006220567387589926,0
2024-04-05,27.1195125579834,27.167855042853297,26.810128031125007,27.0131627794241,5376700.0,-0.001779443253164259,27.295476531982423,27.129182052612304,0.00414560148903992,0
2024-04-08,27.28387260437012,27.37088723078153,27.061502712019703,27.177522828593982,5155500.0,0.006060582616863375,27.25680274963379,27.16688823699951,0.005868493146676067,1
2024-04-09,27.34188461303711,27.52558052541259,27.24520148626844,27.370888260213626,4468000.0,0.002126238071412878,27.22586441040039,27.232632446289063,0.006028149914019594,1
2024-04-10,26.462072372436523,26.916480683128064,26.413729885717864,26.810129056424323,4836300.0,-0.03217818570491204,27.075039672851563,27.24616813659668,0.015258123951200572,0
2024-04-11,26.66510581970215,26.84880358476601,26.317047284650062,26.616765176090404,5612100.0,0.007672620813973241,26.974489593505858,27.177523612976074,0.01637997127486017,1
2024-04-12,26.5490837097168,26.848801578763783,26.404059945639627,26.70377781468661,3683200.0,-0.004351083801048428,26.86040382385254,27.07794017791748,0.016348087561777233,0
2024-04-15,26.49107551574707,26.829465540022262,26.336383249348803,26.674773273624,3613200.0,-0.0021849414693170255,26.70184440612793,26.97932357788086,0.015454061083763534,0
2024-04-16,26.317045211791992,26.46207081935901,26.007660691259808,26.40405983870132,9553100.0,-0.00656939367567877,26.496876525878907,26.861370468139647,0.014817644525293302,0
2024-04-17,26.7811222076416,26.858468333069883,26.42339522498761,26.520078342792235,4490500.0,0.017634084378198578,26.56068649291992,26.817863082885744,0.01008611170787102,1
2024-04-18,27.02283096313477,27.08084010022893,26.7424500863714,26.92614783859301,2506100.0,0.009025340821013028,26.632231521606446,26.803360557556154,0.010277868509871693,1
2024-04-19,27.58359146118164,27.58359146118164,27.061503683961835,27.148518313498467,3338100.0,0.02075136016695933,26.839133071899415,26.849768447875977,0.011959340819226944,1
2024-04-22,27.825300216674805,27.98966098967269,27.43856768438987,27.58359330603541,2983000.0,0.008762773181052896,27.10597801208496,26.903911209106447,0.010616792714135743,1
2024-04-23,27.77695655822754,28.018663458687044,27.69961042384359,27.74795291038188,2588000.0,-0.0017373993477451943,27.39796028137207,26.947418403625488,0.008805996851715441,0
2024-04-24,28.105676651000977,28.212028271861303,27.409561477195627,27.56425373804126,4112600.0,0.011834273207158574,27.662871170043946,27.111778831481935,0.008044122519943495,1
2024-04-25,28.366722106933597,28.45373673899784,27.902645298642497,28.105678210740862,5618700.0,0.009287997552029248,27.93164939880371,27.281940460205078,0.008039248824830422,1
2024-04-26,27.892976760864254,28.3763905631528,27.88330826352921,28.3570535684827,3335600.0,-0.016700743366944937,27.993526458740234,27.416329765319823,0.01181979473869336,0
2024-04-29,28.25069999694824,28.289373983625914,27.989657963182687,27.999324615774924,3688500.0,0.012824849751637002,28.078606414794923,27.59229221343994,0.0124962134171332,1
2024-04-30,28.173355102539062,28.30871221776658,27.50624539980372,27.97999069290688,7377800.0,-0.002737804529357901,28.157886123657228,27.77792320251465,0.012600638464058227,0
2024-05-01,28.34738540649414,28.48274068263143,28.00899537207358,28.115346999939927,6046100.0,0.006177123857690425,28.20622787475586,27.9345495223999,0.01182837047861978,1
2024-05-02,28.424728393554688,28.59875764021337,28.260367643274492,28.453733882690177,6125200.0,0.002728399319777308,28.217829132080077,28.074739265441895,0.011129214970145327,1
2024-05-03,28.473073959350582,28.68577537048371,28.192693066237656,28.57942374287849,3650900.0,0.0017008277133390148,28.333848571777345,28.16368751525879,0.005805662175116516,1
2024-05-06,28.34738540649414,28.560088662226832,28.279707768425496,28.511746174979702,3537600.0,-0.004414295170092286,28.353185653686523,28.21589603424072,0.004274606477296139,0
2024-05-07,28.618099212646484,28.71478234782626,28.376392296735748,28.5794252209436,4601200.0,0.009549868612938273,28.44213447570801,28.30001029968262,0.005234935361102549,1
2024-05-08,28.482738494873047,28.714778727681587,28.45373484882987,28.56975312115695,5271000.0,-0.0047298989624586785,28.46920509338379,28.337716484069823,0.005888965524558208,0
2024-05-09,28.801794052124023,28.8404661958114,28.40539305384566,28.52141317306227,4570400.0,0.011201716341580292,28.544618225097658,28.381223678588867,0.0075167723186080095,1
2024-05-10,28.714778900146484,28.888806309682337,28.6180957765751,28.888806309682337,10141800.0,-0.003021171244404597,28.592959213256837,28.46340389251709,0.007951717234764327,0
2024-05-13,28.676103591918945,29.024162083109267,28.627762954399007,28.830795844875286,3031200.0,-0.0013468781480794334,28.658702850341797,28.50594425201416,0.007463753930688907,0
2024-05-14,28.695444107055664,28.87914187151998,28.560088830122663,28.830799383988666,3090000.0,0.0006744471080153414,28.67417182922363,28.55815315246582,0.006278995395467063,1
2024-05-15,28.96799087524414,29.201603480295955,28.90958818812817,28.997193147096095,3816300.0,0.00949791078931117,28.77122230529785,28.62021369934082,0.006504694794508696,1
2024-05-16,29.143198013305664,29.34760832700749,28.98745629146015,29.02639079362764,3564500.0,0.006048301341162521,28.83950309753418,28.692060661315917,0.005246232500047587,1
2024-05-17,29.27947425842285,29.2989424395975,29.026393472916254,29.18213520913756,4755100.0,0.004676090971724056,28.952442169189453,28.772700691223143,0.004315308371634884,1
2024-05-20,29.191871643066406,29.386549757264543,29.1334689514422,29.367081574527116,4211800.0,-0.0029919463233273325,29.055595779418944,28.85714931488037,0.004846346729978609,0
2024-05-21,29.60069274902344,29.62989502170049,29.152935707503232,29.201604305376996,6786600.0,0.014004621250591764,29.2366455078125,28.955408668518068,0.0062971119158921705,1
2024-05-22,29.26000595092773,29.5909576031162,29.230805535879767,29.396281361974,4816400.0,-0.011509419762040896,29.29504852294922,29.033135414123535,0.009683422996739414,0
2024-05-23,28.56890296936035,29.23080629083245,28.539700696970232,29.07506455126113,5126700.0,-0.023619372556739626,29.180189514160155,29.00984630584717,0.014506081170861922,0
2024-05-24,28.724645614624023,28.77331421355409,28.51050118010845,28.646774742383084,4719400.0,0.0054514744731606335,29.06922378540039,29.01083297729492,0.014624187646538877,1
2024-05-28,28.75384521484375,29.06532867485056,28.67597249325418,28.67597249325418,4516700.0,0.001016534742028563,28.98161849975586,29.018607139587402,0.014783962766850433,1
2024-05-29,28.59810447692871,28.675975349687185,28.45209682258008,28.568904060011818,5212400.0,-0.0054163447271615706,28.781100845336915,29.008873176574706,0.011381784592178121,0
2024-05-30,28.948522567749023,28.958256658323887,28.66624136742975,28.773312650577363,5157500.0,0.01225319290315241,28.718804168701173,29.006926345825196,0.013664061975603771,1
2024-05-31,29.69803047180176,29.766167248409797,28.97772448730721,29.006924902088983,6770000.0,0.025891058940871403,28.944629669189453,29.062409591674804,0.011971971485478619,1
2024-06-03,29.931644439697266,30.01924940121854,29.62989504811732,29.69803182783653,5116200.0,0.007866311812068538,29.1860294342041,29.127626609802245,0.011900059871681355,1
2024-06-04,30.019250869750977,30.09712174418064,29.736967789575885,29.86350912089165,3849700.0,0.0029268832933724287,29.439110565185548,29.210364532470702,0.011634568096988962,1
2024-06-05,29.620161056518555,29.99004722905777,29.600692874651227,29.92191044911013,2639200.0,-0.01329446277537083,29.643521881103517,29.212311363220216,0.014261762277660971,0
2024-06-06,29.4449520111084,29.74670141269989,29.396283411576505,29.50335470186429,2274900.0,-0.005915195568175324,29.74280776977539,29.230805969238283,0.014928600240125205,0
2024-06-07,29.36707878112793,29.56175687680827,29.05559531330972,29.09452981849304,5935900.0,-0.0026447056171492456,29.676617431640626,29.310623550415038,0.008134838089134068,0
2024-06-10,29.620161056518555,29.6882978364662,29.25027302739133,29.3670802620073,3946400.0,0.008617890709417875,29.614320755004883,29.400175094604492,0.008371139467977913,1
2024-06-11,29.999780654907227,30.028982927060817,29.33787733879625,29.386547792385567,6090300.0,0.012816257064379721,29.610426712036134,29.52476863861084,0.010691303896016052,1
2024-06-12,30.165258407592773,30.369670612527468,29.81483854575506,30.330734247173016,9721300.0,0.005515965419516489,29.719446182250977,29.681484031677247,0.00779894843553346,1
2024-06-13,30.077651977539062,30.32099867939065,29.814837093958225,30.174991029597297,8317400.0,-0.002904216130688253,29.84598617553711,29.79439697265625,0.006942209662762289,0
2024-06-14,30.028982162475582,30.07765075823776,29.717498693786688,29.834304066251065,5105800.0,-0.0016181387795770608,29.97836685180664,29.82749214172363,0.006697057862453599,0
2024-06-17,29.873241424560547,30.15552263125495,29.814836879792335,29.93164411274077,3674800.0,-0.00518634754492775,30.02898292541504,29.82165184020996,0.007378352550078455,0
2024-06-18,30.174991607666016,30.19445978976822,29.74670088435772,29.775903157511024,4129500.0,0.010101019130029254,30.064025115966796,29.837225914001465,0.006391907927484366,1
2024-06-20,30.447540283203125,30.51567706329221,30.097120435215825,30.204193579120396,4886100.0,0.009032270135507448,30.120481491088867,29.919963836669922,0.00713790881941933,1
2024-06-21,30.174991607666016,30.729821801462567,30.106854826896345,30.57408005782101,8376300.0,-0.008951418505470099,30.13994941711426,29.992967796325683,0.008529003654702659,0
2024-06-24,30.47673797607422,30.57407702032669,30.18472269990464,30.18472269990464,3018900.0,0.00999988243017591,30.229500579833985,30.10393371582031,0.009296017909657643,1
2024-06-25,29.58122444152832,30.43780587053514,29.386548194272585,30.41833768883317,6235800.0,-0.029383509982233713,30.171097183227538,30.10004005432129,0.01739392297907281,0
2024-06-26,29.68829727172852,29.76616814112855,29.34761152188289,29.444950572779923,3063700.0,0.0036196213044474845,30.07375831604004,30.068891716003417,0.016500056781645577,1
2024-06-27,29.990047454833984,30.03871790986872,29.707766241984626,29.76616893143828,3297000.0,0.010163943736605452,29.98225975036621,30.05137062072754,0.016715071727840328,1
2024-06-28,30.155521392822266,30.223658168998934,29.84403792653582,30.087384616645597,6589500.0,0.005517628414476228,29.97836570739746,30.05915756225586,0.016660121416169685,1
2024-07-01,29.73696517944336,30.35019988626548,29.66882840237156,30.320997614697024,2946500.0,-0.013879919631518356,29.83041114807129,30.029955863952637,0.01649285231169624,0
2024-07-02,29.64936065673828,29.834304666211967,29.63962842266047,29.73696561614224,2806500.0,-0.0029459806061729044,29.84403839111328,30.00756778717041,0.009313393438957266,0
2024-07-03,29.5228214263916,29.892707591696947,29.483886920006395,29.63962865872317,1489500.0,-0.004267856963651617,29.8109432220459,29.942350769042967,0.009319833689087873,0
2024-07-05,29.678564071655277,29.82457172408863,29.444951456444297,29.5617586923438,5291500.0,0.005275330667564582,29.748646545410157,29.865453147888182,0.008009332406090815,1
2024-07-08,29.51308822631836,29.717500424920527,29.30867788430422,29.69803224284641,5404000.0,-0.005575601465670488,29.620159912109376,29.79926280975342,0.006835955169533021,0
2024-07-09,28.841449737548828,29.55202350443643,28.841449737548828,29.49361896036044,8258900.0,-0.022757309693215877,29.44105682373047,29.635733985900877,0.010252234443484628,0
2024-07-10,28.80251693725586,28.97772686668478,28.30608942273661,28.948524592917263,9594900.0,-0.0013498905445894493,29.271688079833986,29.557863235473633,0.010397036960080883,0
2024-07-11,28.890119552612305,29.308676159635716,28.763578233164896,28.92905405788141,7549500.0,0.003041491670581431,29.145147705078124,29.47804546356201,0.011142076232077903,1
2024-07-12,29.49361801147461,29.80510333342809,28.91931967598636,28.997192398915654,7825600.0,0.020889441380236073,29.10815849304199,29.428402519226076,0.01573060166379823,1
2024-07-15,27.527379989624023,29.2989437082941,27.25483101114093,29.2989437082941,13737600.0,-0.06666655888353923,28.711016845703124,29.16558837890625,0.03360124319005668,0
2024-07-16,27.80966186523437,28.082210850212338,27.507912463122107,27.65392011855785,10720200.0,0.01025458564224957,28.504659271240236,28.972858047485353,0.034525794206757415,1
2024-07-17,27.877798080444336,28.121144786751533,27.38137057678709,27.41057284991565,9188500.0,0.002450091466057902,28.31971549987793,28.795701789855958,0.03471612523295753,1
2024-07-18,28.05300712585449,28.40342696605033,27.71232137639609,27.71232137639609,6864300.0,0.006284895417657088,28.152293014526368,28.648720359802248,0.034956915291059806,1
2024-07-19,28.19901657104492,28.286621536677508,27.83886447374481,28.237952936476333,3697400.0,0.0052047698321746605,27.89337272644043,28.50076560974121,0.03263970454967161,1
2024-07-22,28.189281463623047,28.403427752600876,28.04327381169418,28.257420100672004,3405200.0,-0.00034522861452790377,28.025753021240234,28.36838493347168,0.00400350321057232,0
2024-07-23,27.93620109558105,28.23795047501913,27.926467005071707,28.150345517022924,3132100.0,-0.008977893543281157,28.05106086730957,28.2778600692749,0.006104334115017768,0
2024-07-24,28.2476863861084,28.38395994884632,27.945935130634357,28.228218203834967,3221900.0,0.011149880023473058,28.12503852844238,28.222377014160156,0.007683841719922135,1
2024-07-25,28.11141014099121,28.880386608910133,28.101677906728437,28.37422502419803,4390200.0,-0.004824332982690027,28.136719131469725,28.14450607299805,0.007975447571144727,0
2024-07-26,28.578638076782227,28.656508949337983,28.130879167145608,28.25742049541624,4665000.0,0.01662057980896936,28.212643432617188,28.05300807952881,0.010810205714456733,1
2024-07-29,28.413162231445312,28.763580229540164,28.228218212964,28.637040757898035,7923000.0,-0.00579019353169774,28.25741958618164,28.141586303710938,0.011451970716316732,0
2024-07-30,27.75126075744629,28.6175745048268,27.614987185477627,28.461832749265994,8242500.0,-0.023295593380538437,28.220431518554687,28.135746192932128,0.01575206028906524,0
2024-07-31,27.011484146118164,27.99460505314582,26.953081456998227,27.741524258175414,11124400.0,-0.026657405506509302,27.97319107055664,28.049114799499513,0.017321080631395005,0
2024-08-01,27.40083694458008,27.478707811178797,27.0114826115865,27.118555749380203,15523500.0,0.014414343038528399,27.831076431274415,27.98389778137207,0.02030237376393458,1
2024-08-02,26.349578857421875,27.06015073480966,25.979692711679206,26.54425694881562,13867500.0,-0.038365911569943734,27.385264587402343,27.798954010009766,0.020593043435034392,0
2024-08-05,25.239919662475582,26.534524013819883,25.239919662475582,26.534524013819883,10239300.0,-0.04211297649008672,26.7506160736084,27.50401782989502,0.022441630316529664,0
2024-08-06,25.084178924560547,25.46379919218315,25.07444483352048,25.31779153975815,7543000.0,-0.006170413376813455,26.21719970703125,27.21881561279297,0.023695836061015565,0
2024-08-07,24.947900772094727,25.648740397457843,24.91870035876315,25.17178112830118,11057400.0,-0.005432832897407924,25.804483032226564,26.8888370513916,0.02405385498345555,0
2024-08-08,25.58060646057129,26.086766199181728,25.18151801036158,25.85315358368737,13959600.0,0.02536107924496278,25.440436935424806,26.63575668334961,0.027685195213339966,1
2024-08-09,25.76554679870605,25.853151755394663,25.14257986810962,25.59033874191673,7548500.0,0.007229708897629861,25.32363052368164,26.35444755554199,0.02473503940268243,1
2024-08-12,25.50273323059082,25.7460799146362,25.006305772347705,25.697409463874408,7408900.0,-0.010200193699301918,25.376193237304687,26.063404655456544,0.014524232175444093,0
2024-08-13,25.19124984741211,25.483267004614262,24.9187027285957,25.35672567951693,10202100.0,-0.012213725500021422,25.397607421875,25.807403564453125,0.015601975604047674,0
2024-08-14,25.084178924560547,25.22045248594548,24.908968999015336,25.05497665144033,6887000.0,-0.004250321976881244,25.424863052368163,25.614673042297362,0.015489613604163297,0
2024-08-15,25.378477096557617,25.486385850877305,24.927216012034343,24.927216012034343,5142600.0,0.011732421973314588,25.38443717956543,25.41243705749512,0.010598799395141856,1
2024-08-16,25.299997329711918,25.545247392057583,25.270566648631014,25.50600648394973,10634600.0,-0.003092374950124377,25.291327285766602,25.30747890472412,0.009401096641074556,0
2024-08-19,25.54524803161621,25.58448706959699,25.16265665242384,25.29018773585781,5034100.0,0.009693704655702629,25.29983024597168,25.338011741638184,0.010096058474480637,1
2024-08-20,25.319616317749023,25.48638643765664,25.192087106577087,25.378477680852544,3305200.0,-0.008832629598582664,25.325503540039062,25.36155548095703,0.009106959156762596,0
2024-08-21,25.643346786499023,25.741447188973627,25.3098065407511,25.388286488508875,5879800.0,0.012785757283496624,25.437337112426757,25.43110008239746,0.009789412070279734,1
2024-08-22,26.42814826965332,26.46738730817708,25.64334691697296,25.64334691697296,10899900.0,0.03060448738179078,25.647271347045898,25.515854263305663,0.015352886769847533,1
2024-08-23,26.261377334594727,26.53605620910362,25.96707613476584,26.506627398897383,5106300.0,-0.006310352634508742,25.83954734802246,25.56543731689453,0.016000083175184584,0
2024-08-26,26.66358757019043,26.78130655446982,26.36928636727292,26.388906821689325,6154500.0,0.015315656542730594,26.063215255737305,25.68152275085449,0.016378109526315854,1
2024-08-27,26.70282554626465,26.928457020863625,26.614535376010583,26.66358651010142,8136200.0,0.0014715940220320078,26.33985710144043,25.832680320739748,0.014109676658285289,1
2024-08-28,26.68320846557617,26.88921762702439,26.408527712535665,26.76168841342924,9130600.0,-0.0007346443789063573,26.54782943725586,25.99258327484131,0.01490098926374466,0
2024-08-29,26.565488815307617,26.761689629409904,26.33985918886673,26.70282826251344,7115300.0,-0.004411750199396769,26.575297546386718,26.111284446716308,0.008527541610287577,0
2024-08-30,26.781307220458984,26.810737902815465,26.49681810878461,26.71263749940343,5826000.0,0.008124014079010866,26.67928352355957,26.259415435791016,0.00781997048429382,1
2024-09-03,26.967697143554688,27.212947210561676,26.565487183352,26.76168798540139,5815200.0,0.00695970221174691,26.740105438232423,26.401660346984862,0.005257690061611565,1
2024-09-04,27.124658584594727,27.5366787955224,27.05598886129172,27.09522977238465,5238400.0,0.005820350184315037,26.82447204589844,26.582164573669434,0.005446465215264077,1
2024-09-05,27.232566833496094,27.45819643918708,27.075606945092847,27.409147175727117,4205100.0,0.003978234364308442,26.93434371948242,26.741086578369142,0.004994865755919957,1
2024-09-06,26.761688232421875,27.36009712908798,26.70282686859803,27.252188370963346,4942600.0,-0.017291010573966092,26.973583602905272,26.774440574645997,0.010625363448464405,0
2024-09-09,26.889217376708984,26.938266641994463,26.56548736094004,26.840168111423505,4720600.0,0.004765362453203137,26.995165634155274,26.837224578857423,0.010201041121012389,1
2024-09-10,27.02655601501465,27.34047766530584,26.869596125423797,26.879406352411905,7224200.0,0.005107572912279146,27.006937408447264,26.873521423339845,0.009954201211239865,1
2024-09-11,27.41895866394043,27.458197702291542,26.73225771725519,26.938266878595037,6402800.0,0.014519151041952227,27.065797424316408,26.945134735107423,0.011724513846833363,1
2024-09-12,27.065797805786133,27.536677489917626,27.00693831304708,27.41895850443952,6768500.0,-0.012880170340631825,27.032443618774415,26.983393669128418,0.013395894663588573,0
2024-09-13,27.399337768554688,27.43857680627473,25.81992673924557,27.18351651221112,4545800.0,0.012323300615851407,27.159973526000975,27.066778564453124,0.010767320262653687,1
2024-09-16,27.67401695251465,27.7328783164111,27.47781801952176,27.487628246837836,2549000.0,0.010025030031025173,27.31693344116211,27.156049537658692,0.011021051937116565,1
2024-09-17,27.78192710876465,27.880027509145243,27.57591795196395,27.71325738983108,4160100.0,0.0038993311464381453,27.46800765991211,27.237472534179688,0.011053747301698195,1
2024-09-18,27.67401695251465,27.850597301984923,27.38952784478662,27.850597301984923,4602200.0,-0.0038841854212465776,27.519019317626952,27.29240837097168,0.010375076075797528,0
2024-09-19,27.723068237304688,27.919267171346476,27.468007939051777,27.55629811425892,5388800.0,0.0017724671078362952,27.650473403930665,27.34145851135254,0.006505565522749769,1
2024-09-20,27.6347770690918,27.87021690414756,27.389527007020025,27.87021690414756,16768000.0,-0.00318475456818601,27.697561264038086,27.42876739501953,0.005683069525307963,0
2024-09-23,28.38033866882324,28.43919816227056,27.76230743874296,27.81135857587369,5324100.0,0.026979106720036228,27.838825607299803,27.57787952423096,0.012654651259495163,1
2024-09-24,28.135087966918945,28.63539832779958,28.125277739712324,28.193947459049163,3716900.0,-0.008641570657988984,27.909457778930665,27.688732719421388,0.014114764209573307,0
2024-09-25,28.076229095458984,28.40976747230996,27.87021806178474,28.32147916771764,3694300.0,-0.0020920095053253984,27.989900207519533,27.75445976257324,0.013930225693688777,0
2024-09-26,28.3901481628418,28.52748760104081,28.07622837775291,28.07622837775291,3027100.0,0.01118095547359621,28.12331619262695,27.88689479827881,0.014357485882902503,1
2024-09-27,28.547107696533203,28.664826678906987,28.49805656128622,28.576536506571905,3354900.0,0.00552866201300195,28.305782318115234,28.00167179107666,0.013650064210397246,1
2024-09-30,28.861026763916016,28.8708369907228,28.341095969813285,28.59615625346126,5233700.0,0.010996527939709067,28.40191993713379,28.120372772216797,0.008630514882836554,1
2024-10-01,29.322097778320312,29.390767498561228,28.69425819770674,28.792358599955,7137500.0,0.015975558256325018,28.639321899414064,28.274389839172365,0.00689488811919018,1
2024-10-02,29.47905731201172,29.53791867530466,29.008177632325303,29.008177632325303,6362100.0,0.005352943533510013,28.91988754272461,28.45489387512207,0.00445804430880995,1
2024-10-03,29.724308013916016,29.802787962206576,29.41038822075377,29.55753788990988,7995600.0,0.00831948930077786,29.186719512939455,28.655017852783203,0.00442107365780247,1
2024-10-04,29.94013023376465,30.04803899667606,29.567349064115437,29.645829014919013,11837500.0,0.007260798796311363,29.465324020385744,28.88555316925049,0.004115376622349656,1
2024-10-07,29.076847076416016,29.861648406238828,29.05722849328031,29.7831684603675,14589000.0,-0.028833647369211346,29.50848808288574,28.955204010009766,0.01749387894905122,0
2024-10-08,28.91007804870605,29.27304898150404,28.831598099872647,29.155328122699142,8093300.0,-0.0057354577431206755,29.426084136962892,29.032703018188478,0.01563389261246562,0
2024-10-09,28.9296989440918,29.125899754716883,28.772739044035564,28.87083944934811,3916300.0,0.0006786870430681713,29.316212463378907,29.118050003051756,0.015162587524102617,1
2024-10-10,28.9296989440918,29.16513879417614,28.86102922170589,29.00817889411991,5698800.0,0.0,29.157290649414062,29.172005081176756,0.013925042072410741,0
2024-10-11,29.008176803588867,29.02779725745931,28.74330628966629,28.821786234038598,4674900.0,0.002712709166062588,28.970899963378905,29.218111991882324,0.0130161841256058,1
2024-10-14,29.214189529418945,29.243618340830057,28.929698545047675,29.07684821543197,3199500.0,0.007101884659107327,28.99836845397949,29.253428268432618,0.004653608067362795,1
2024-10-15,29.390766143798828,29.69487756386141,29.27304716341479,29.420196824449565,3940000.0,0.006044207189183526,29.094506072998048,29.260295104980468,0.003165869198547979,1
2024-10-16,29.537918090820312,29.69487798094326,29.39076655660925,29.45943814575884,4654500.0,0.005006740766862583,29.21614990234375,29.266181182861327,0.002842590527077924,1
2024-10-17,29.606586456298828,29.6654459446286,29.204376522344845,29.50848606167628,9458200.0,0.0023247530603673905,29.351527404785156,29.25440902709961,0.0020761726931447936,1
2024-10-18,29.537918090820312,29.70468820796463,29.41038701065199,29.63601661881504,4832100.0,-0.0023193611185090557,29.457475662231445,29.214187812805175,0.003770820479046734,0
2024-10-21,29.51829719543457,29.675257083210727,29.341716853909027,29.537917649183957,4791700.0,-0.0006642612835953132,29.51829719543457,29.258332824707033,0.003578616698872255,0
2024-10-22,29.223997116088867,29.518296430262996,29.21418688946848,29.253425924840634,5166800.0,-0.009970089988497688,29.484943389892578,29.28972473144531,0.005687122185540865,0
2024-10-23,29.18475914001465,29.341719039482264,28.851218885868573,29.2043795952255,4274400.0,-0.0013426628779885652,29.414311599731445,29.315230751037596,0.004576206020439573,0
2024-10-24,28.91988754272461,29.282858466316824,28.83159736863757,29.214188746717912,4401400.0,-0.00907568214009613,29.2769718170166,29.31424961090088,0.004476145379640184,0
2024-10-25,28.753116607666016,29.18475723863548,28.713877570910324,29.18475723863548,3756400.0,-0.005766652266963934,29.12001152038574,29.288743591308595,0.004284083166379483,0
2024-10-28,29.18475914001465,29.577158888683684,28.851218885868573,29.253428862143032,4491100.0,0.015012025939252549,29.053303909301757,29.285800552368165,0.01021463511682694,1
2024-10-29,28.870838165283203,29.233807216353654,28.429387296565608,29.06703709607251,5048500.0,-0.01075633255102093,28.982672119140624,29.2338077545166,0.010368497754454488,0
2024-10-30,28.70406913757324,29.06703820245949,28.50786832820637,29.00817870809326,3895300.0,-0.005776383309525901,28.886534118652342,29.150422859191895,0.010446276711460539,0
2024-10-31,28.96893882751465,29.49867800364417,28.605967902060904,28.704068303895124,5678800.0,0.00922760075137563,28.89634437561035,29.086658096313478,0.01109139520331023,1
2024-11-01,28.036989212036133,29.116089943695727,28.027178984253545,28.96894026917615,3986200.0,-0.032170650814221435,28.753118896484374,28.93656520843506,0.01853935470507648,0
2024-11-04,28.468629837036133,28.556920015839903,28.027178943017287,28.095848666284745,5657200.0,0.015395398619146183,28.60989303588867,28.831598472595214,0.018642761090199467,1
2024-11-05,28.988555908203125,29.184756701700348,28.301856873181723,28.42938607917831,5040600.0,0.018263122396238396,28.633436584472655,28.80805435180664,0.020731298889175187,1
2024-11-06,28.468629837036133,28.89046027551867,28.360719202696053,28.78254964117859,7913200.0,-0.01793556301367416,28.586348724365234,28.73644142150879,0.02237139804797071,0
2024-11-07,28.81197738647461,29.23380591083292,28.48824738757532,28.556917103840405,5099300.0,0.012060557582290077,28.554956436157227,28.72565040588379,0.0227420469110662,1
2024-11-08,29.812597274780277,29.9401283562824,28.6550166696847,28.84140724282115,5429100.0,0.03472930284803688,28.910078048706055,28.831598472595214,0.01911972404849841,1
2024-11-11,29.488866806030277,30.00879760886684,29.34171714367562,29.55753652372181,4981500.0,-0.010858848216618089,29.114125442504882,28.862009239196777,0.021574205475144485,0
2024-11-12,29.861648559570312,29.94012850584462,29.44962837385284,29.53791854730012,6007000.0,0.012641440445714469,29.28874397277832,28.961090278625488,0.020995611123665988,1
2024-11-13,29.832218170166016,30.479678201046283,29.63601736700432,30.02841897332772,6126900.0,-0.0009855580928690433,29.561461639404296,29.073905181884765,0.017156419676736628,0
2024-11-14,29.410388946533203,29.989179281125363,29.390768491198987,29.88126864789678,4069800.0,-0.014140055601184476,29.681143951416015,29.118050193786623,0.019957974398248278,0
2024-11-15,30.273670196533203,30.29328878071011,29.400578647379497,29.400578647379497,5826000.0,0.029352935507565237,29.7733585357666,29.34171829223633,0.017951075536538675,1
2024-11-18,30.55815887451172,30.695500188433574,30.27366976138492,30.30309857278208,4830600.0,0.009397231195677591,29.98721694946289,29.550671195983888,0.016183145819830973,1
2024-11-19,30.803407669067383,30.852458804540863,30.312907540989528,30.50910834066447,4824900.0,0.008025640404671908,30.175568771362304,29.732156372070314,0.015928584600439763,1
2024-11-20,30.970178604125977,31.08789946125708,30.63663835854899,30.90150888376181,3467000.0,0.005414041746623521,30.403160858154298,29.982311248779297,0.015443520875075745,1
2024-11-21,31.33557891845703,31.414584400931894,30.535648172944114,30.999805147029036,5115400.0,0.011798456799418489,30.78819885253906,30.23467140197754,0.00953845453611999,1
2024-11-22,31.53309440612793,31.9379977500483,31.276326110337568,31.42446115846757,4895400.0,0.006303234039009897,31.04008369445801,30.406721115112305,0.002538266423802195,1
2024-11-25,32.07625961303711,32.20464471370233,31.57259889952481,31.65160439084206,5535200.0,0.017225242785041228,31.343703842163087,30.66546039581299,0.004840700370723376,1
2024-11-26,32.125633239746094,32.254018324030305,31.878740875426427,32.06638148336762,4398900.0,0.001539257609977529,31.608148956298827,30.891858863830567,0.00611965834536861,1
2024-11-27,32.25402069091797,32.45153535032357,31.977502428117404,32.352776136981376,3320100.0,0.003996417758173054,31.864917373657228,31.13403911590576,0.006325216149848565,1
2024-11-29,32.21451568603516,32.441656216500064,32.13551208587627,32.23426752789454,1847100.0,-0.0012248086916472056,32.04070472717285,31.414451789855956,0.0070935668789517525,0
2024-12-02,31.592348098754883,32.372527024751186,31.592348098754883,32.2935234236866,3169500.0,-0.01931326838323344,32.05255546569824,31.546319580078126,0.013120251001537702,0
2024-12-03,31.730607986450195,32.589792366735225,31.720730182117627,32.589792366735225,3865400.0,0.004376372635016779,31.98342514038086,31.663564491271973,0.009866778850461017,1
2024-12-04,31.89849090576172,31.928120549547383,31.56271715865777,31.73060591584889,3068400.0,0.00529088252526444,31.937996673583985,31.773072814941408,0.01034611564437706,1
2024-12-05,31.592348098754883,32.12563464959652,31.49359077196515,31.97750148487092,3775900.0,-0.009597407222532217,31.805662155151367,31.835289764404298,0.010367848280908159,0
2024-12-06,31.26644897460937,31.83924107010061,31.21707125503081,31.76023370495209,2842500.0,-0.010315761371290866,31.61604881286621,31.82837677001953,0.010534758221105412,0
2024-12-09,30.97018051147461,31.305954296380087,30.90105094698925,31.276326532898064,3582600.0,-0.009475603173719982,31.491615295410156,31.7720853805542,0.008026061385401543,0
2024-12-10,30.98992919921875,31.138066126914207,30.377637181482736,30.97017924134673,4203100.0,0.0006376678281492243,31.343479537963866,31.663452339172363,0.007187417372839385,1
2024-12-11,31.01955795288086,31.21707260702792,30.77266557701671,31.029433873952147,4392500.0,0.0009560768426297717,31.167692947387696,31.55284481048584,0.005812060961837532,1
2024-12-12,31.513341903686523,31.58247146578924,31.13806633071209,31.13806633071209,4164400.0,0.015918471551262137,31.151891708374023,31.478776931762695,0.010605205378445557,1
2024-12-13,31.54296875,31.789859228779207,31.454087348838215,31.523216908933104,4760100.0,0.0009401366063943595,31.207195663452147,31.41162223815918,0.009072939782510413,1
2024-12-16,31.67135238647461,32.22439264213984,31.355330459602627,31.40470817931165,4281600.0,0.004070119001547967,31.34743003845215,31.41952266693115,0.0065329131667158525,1
2024-12-17,31.315828323364254,31.77010939476625,31.22694880022682,31.43433749361311,6723000.0,-0.01122541465144955,31.41260986328125,31.37804470062256,0.0096830646338747,0
2024-12-18,31.049184799194336,31.849115545952756,31.03930887841469,31.197319843610444,8050400.0,-0.008514656595271286,31.418535232543945,31.29311408996582,0.010829060352940671,0
2024-12-19,31.36520767211914,31.70097957052069,30.881298841210636,30.92080064187697,8330200.0,0.010178137524982755,31.38890838623047,31.270400047302246,0.008879892528980592,1
2024-12-20,32.13551330566406,32.33302796447641,31.256575145952453,31.36520839666318,14446700.0,0.024559239065063077,31.507417297363283,31.357306480407715,0.014569767949611017,1
2024-12-23,31.70097923278809,32.105882574410856,31.31582773310772,32.03675301125175,4390800.0,-0.013521927244254828,31.513342666625977,31.430386352539063,0.016489899834873593,0
2024-12-24,31.98737335205078,32.016999229530164,31.56271819421372,31.56271819421372,1444900.0,0.009034235730058349,31.64765167236328,31.530130767822264,0.015404769739294031,1
2024-12-26,31.967622756958008,32.11575968468406,31.8392414380259,31.918245036808848,2253100.0,-0.0006174497316613348,31.831339263916014,31.62493724822998,0.014106541110687331,0
2024-12-27,31.80961036682129,32.0861323683679,31.651599409056825,31.730606771578252,2716800.0,-0.004942888351068486,31.920219802856444,31.654564094543456,0.014580076341164627,0
2024-12-30,31.434335708618164,31.68122995625336,31.17756742402567,31.661478115060262,2725700.0,-0.011797524517764946,31.779984283447266,31.643700790405273,0.009124270640428558,0
